	-6	-5	-4	-3	-2	-1	S,T	1	2	3	4	5	6
A	0	0	0.09	0	0.13	0.04	0	0.13	0.13	0	0.09	0.09	0
R	0.09	1	0.013	1	0.04	0.04	0	0	0	0	0.13	0.04	0.13
N	0	0	0	0	0.04	0.13	0	0.09	0.04	0.04	0.04	0.04	0
D	0	0	0.04	0	0	0	0	0	0.13	0.04	0	0.04	0
C	0	0	0.04	0	0.04	0	0	0	0	0	0	0.04	0.04
E	0	0	0.04	0	0	0	0	0.04	0	0.17	0.04	0.13	0.04
Q	0	0	0.04	0	0	0.04	0	0.04	0	0	0.09	0	0.04
G	0.09	0	0.09	0	0.04	0.04	0	0	0.13	0.13	0	0.04	0.09
H	0	0	0	0	0.04	0.13	0	0	0	0.09	0.04	0	0.04
I	0.04	0	0.04	0	0.09	0.04	0	0.13	0	0.04	0.04	0.09	0.13
L	0	0	0	0	0	0	0	0	0	0	0	0	0
K	0.04	0	0.04	0	0	0.04	0	0	0	0	0	0.04	0.13
M	0.09	0	0.04	0	0	0	0	0.09	0	0.04	0	0.04	0
F	0.43	0	0.04	0	0	0.09	0	0.22	0	0.04	0.04	0	0
P	0.09	0	0.26	0	0	0	0	0	0.09	0.09	0.09	0.22	0.04
S	0.04	0	0.04	0	0.26	0.17	0.5	0.04	0.3	0.22	0.3	0.13	0.17
T	0	0	0.04	0	0.3	0.09	0.5	0.04	0.17	0.04	0.04	0	0.04
W	0	0	0	0	0	0	0	0.04	0	0	0	0	0.04
Y	0.04	0	0	0	0	0.09	0	0	0	0	0	0	0
V	0.04	0	0	0	0	0.04	0	0.13	0	0.04	0.04	0.04	0.04
