0.12077	0.60501	0	0.36062	0	0	0.37579	0.14728
0	0	0	0	0	0.356425	0	0
0	0	0	0	0	0	0	0
0	0	0	0	0	0	0	0
0.129693333333333	0.38438	0.268156666666667	0	0.31126	0.17658	0.06332	0.25001
0	0.20668	0.58371	0	0	0.382956666666667	0	0
0.231076666666667	0	0.27262	0	0	0.10274	0	0
0	0	0.184705	0	0	0	0	0
0	0	0.127535	0.07115	0	0	0	0
0	0.23537	0	0.0751866666666667	0	0	0	0
0	0	0	0	0	0	0	0.24568
0.388493333333333	0	0	0	0	0.249345	0	0.0805
0	0.15203	0	0	0	0	0	0
0	0.15203	0	0	0	0	0	0
0.178445	0.041172	0	0	0	0	0	0
0.94463	0	0	0	0	0	0	0.90665
0.142986666666667	0.13153	0.08774	0	0	0.150493333333333	0.138576666666667	0
0	0.15028	0.05159	0	0	0	0	0
0.045273	0.47511	0	0.32231	0.3591	0.055914	0.18614	0
0	0	0	0	0.12015	0	0	0.100356666666667
0	0	0.31308	0	0.23077	0.072531	0	0
0.023407	0.253785	0	0.18254	0	0	0	0
0	0.065085	0	0	0.187595	0.086045	0	0
0	0.04725	0	0	0.22607	0	0	0
0	0.74589	0	0.21655	0.48682	0	0	0
0	0	0	0	0	0	0	0
0.10997	0.156116666666667	0.37686	0.53588	0.66463	0.69117	0.713186666666667	0.572913333333333
0.095425	0	0.13332	0.26199	0	0.085628	0	0.18144
0	0.19962	0	0	0.06161	0.16458	0	0
0	0.111276666666667	0.378456666666667	0	0	0.137083333333333	0.227903333333333	0
0	0	0	0.05548	0	0	0	0
0	0	0	0	0	0	0	0
0.12006	0	0	0	0	0	0	0.40862
0	0.15501	0	0	0.260983333333333	0	0.07624	0
0.26588	0	0.0863333333333333	0	0	0.245533333333333	0.221245	0
0.131125	0.061095	0.055665	0.15139	0.177095	0	0	0.2355
0.10412	0.032634	0.0135	0	0	0.051417	0.051408	0.055307
0.155233333333333	0	0.28412	0.114724333333333	0	0	0.04529	0
0.22214	0.0431905	0	0.103952333333333	0	0	0.180265	0.363286666666667
0	0	0	0.293785	0.300345	0	0	0
0	0	0	0.228945	0.316895	0	0.75968	0
0	0	0.05283	0.0314285	0.085822	0.272395	0	0
0.0332806666666667	0.126943333333333	0	0.116966666666667	0	0	0	0
0.11705	0	0	0.1569206	0.17081	0	0	0
0	0.36067	0.83747	0	0	0	0.02772	0
0	0	0	0	0	0	0	0
0.34892	0.038253	0.03699	0.0887566666666667	0.226865	0.080685	0.098056	0.0876633333333333
0	0.104405	0	0	0	0	0	0
0	0.29461	0	0	0.09244	0.0288995	0	0
0.11732	0.159666666666667	0	0	0.153076666666667	0.10782	0.07678	0.145925
0	0	0.194065	0	0	0.3464	0	0
0.0357166666666667	0.05344	0.264956666666667	0.147006666666667	0	0.029406	0.0960033333333333	0.0342193333333333
0.089742	0.12984	0.19313	0.035396	0.073989	0.50726	0.35604	0.76553
0	0.109233333333333	0.14463	0	0	0.126122	0.25488	0.04697
0.21736	0	0.2994	0	0	0.1934945	0.39575	0
0	0	0.0281385	0	0	0	0	0
0.12609	0.092752	0.0111343333333333	0	0	0.09259	0.0277516666666667	0.0619766666666667
0	0.199582	0.0604	0	0	0.081054	0.0346655	0
0.38691	0.69656	0	0.51192	0.33968	0	0.82301	0.86947
0	0.40498	0.40864	0.70791	0	0.16989	0.82562	0
0	0.33019	0.4217	0	0.185165	0.102885	0.93894	0.7791
0.05817	0.48779	0.30211	0.246555	0	0.063165	0	0
0.40509	0.19829	0.398433333333333	0.23031	0.492116666666667	0.444913333333333	0.640413333333333	0.571883333333333
0	0.35349	0.260697666666667	0	0	0.567853333333333	0.892705	0.400015
0	0.407545	0.46816	0	0.38782	0.4794	0.41978	0.36154
0	0.036744	0.134883	0.09156	0.274985	0.428913333333333	0.605275	0.26812
0	0.0973266666666667	0.100641333333333	0.109163333333333	0.35731	0.397236666666667	0.42897	0.142426666666667
0	0.127943333333333	0.06043	0.3302755	0	0	0.0307006666666667	0.14481
0.223693333333333	0.109343333333333	0	0.07947	0.204383333333333	0.24082	0.0418233333333333	0.0774833333333333
0.130056666666667	0.0568133333333333	0.240953333333333	0	0.342445	0.0963733333333333	0.351843333333333	0
0.144365	0	0.14991	0	0	0.27237	0	0.440163333333333
0.0267786666666667	0.0485533333333333	0.0142806666666667	0.028071	0.0198936666666667	0.049804	0.159433333333333	0.111885666666667
0.20477	0.093826	0.180596666666667	0.163583333333333	0.0820566666666667	0.100816666666667	0.111606666666667	0.218433333333333
0.0532066666666667	0.0691633333333333	0	0	0.00831433333333333	0	0.152573333333333	0
0.47081	0.59076	0	0	0.30509	0	0.64292	0.59236
0.13625	0.36312	0	0.11047	0	0	0	0.076097
0.362895	0	0	0	0	0	0	0
0.316415	0	0	0	0	0	0.11596	0.277253333333333
0.038335	0	0	0	0	0	0	0.183126666666667
0	0.785335	0	0	0.475725	0	0.28015	0.44994
0.204125	0.217575	0	0	0	0	0	0.287276666666667
0.263846666666667	0	0	0.98939	0.66726	0.69079	0.149185	0.11762
0.44534	0.139446666666667	0.200713333333333	0.0313753333333333	0.0338766666666667	0.11642	0	0.465473333333333
0.30174	0.407743333333333	0.36066	0.438465	0.44245	0.165416666666667	0.474153333333333	0.23061
0.23547	0.291606666666667	0.13211	0.21259	0.173875	0.13955	0.53287	0.300943333333333
0.0089665	0	0	0.006549	0	0	0.09446	0.17999
0.074267	0	0.053815	0.045519	0	0.125305	0.090925	0.1662
0.172395	0	0.26958	0.22251	0.082745	0.0434575	0.093575	0
0	0	0	0	0	0	0	0.204836666666667
0.299005	0.111953333333333	0.205926666666667	0	0.13059	0	0	0.244696666666667
0.0943836666666667	0.175873333333333	0.0758633333333333	0	0	0.07737	0.303426666666667	0.225043
0.0894866666666667	0.456895	0	0	0	0	0.349795	0.227838
0.34984	0	0	0	0	0	0	0.28845
0	0.153996666666667	0	0	0	0.08397	0	0
0	0.224047	0.20425	0.90659	0.069	0	0	0.233396666666667
0.90092	0	0	0.19852	0	0	0	0
0.181396666666667	0.04962	0.0899333333333333	0	0.05741	0	0.0997466666666667	0
0.181122	0.1527	0.0688133333333333	0.166983333333333	0.18166	0	0	0
0	0	0.110546666666667	0.0566166666666667	0	0.162846666666667	0.0366466666666667	0
0.197496666666667	0.48657	0.187976666666667	0.15483	0.093095	0	0	0.21835
0.161556666666667	0.016612	0	0	0.025725	0	0.0996333333333333	0.122674333333333
0.16722	0.40095	0.196165	0	0	0.269805	0.45	0.23631
0.0977136666666667	0.0665266666666667	0.004365	0.102963	0.115266666666667	0	0.0462206666666667	0.03805
0	0	0.0374485	0.11278	0.10298	0.104555	0.12529	0.13224
0.257193333333333	0.241586666666667	0.00111063333333333	0.000256513333333333	0	0	0.028456	0
0.0594233333333333	0.008842	0.17001	0	0	0.07141	0.016031	0.0696636666666667
0.051525	0.22087	0	0.08089	0.07439	0.12084	0.08151	0.0676366666666667
0.0313785	0.22087	0	0.07577	0.070055	0.114025	0.08151	0.0676366666666667
0	0.007121	0.091615	0	0	0.19688	0.012855	0
0.145043333333333	0	0	0.294885	0	0	0	0
0.133457	0.389295	0.011882	0.09438	0.312338666666667	0.09958	0.140715	0
0.0635033333333333	0	0.016685	0.0127736666666667	0	0	0	0
0	0	0	0.14802	0.28239	0	0.078195	0
0	0	0	0	0	0	0	0
0.022109	0	0	0	0.65703	0	0	0
0	0	0	0	0	0.30096	0	0
0	0	0	0.72835	0.77297	0	0	0
0	0	0	0.72835	0.77297	0	0	0
0.0019426	0	0	0	0	0	0	0.016409
0.021271	0.0545903333333333	0.00342366666666667	0.2131845	0.1476715	0.121873333333333	0.0938146666666667	0.0706426666666667
0.391075	0.3771	0	0.216545	0.15229	0.12923	0	0.517665
0.012325	0	0	0	0	0	0	0
0	0.09226	0	0	0.292603333333333	0	0	0
0	0	0.30327	0.37071	0	0	0	0
0.14532	0.14098	0.1014785	0.71655	0.35116	0.248773333333333	0	0.362543333333333
0.249516666666667	0.13015	0.1080175	0.63035	0.348955	0.252066666666667	0	0.354633333333333
0.0665	0	0	0	0	0.28306	0.19796	0
0	0	0.165865	0	0	0	0	0.0489025
0	0	0	0.2267	0.160593333333333	0	0.0233395	0
0.207636666666667	0.03889	0.0275706666666667	0.127586666666667	0.0246196666666667	0.024225	0	0.160123333333333
0.153205	0	0.117746666666667	0	0	0.028422	0.07173	0
0	0.479105	0.478595	0	0	0	0	0
0	0	0.027276	0	0	0.022569	0.4803	0.13823
0.463685	0	0.195016666666667	0	0	0.0513233333333333	0	0
0.62266	0	0	0	0	0	0	0
0.0436133333333333	0	0	0	0	0.104556666666667	0	0.112396666666667
0	0.192703333333333	0.36771	0	0	0.164685	0.09002	0.271506666666667
0.134755	0.215345	0	0.187425	0	0	0	0
0.354583333333333	0.367546666666667	0	0	0	0	0.255943333333333	0
0	0	0	0	0	0	0	0.85983
0.290466666666667	0.1003466	0.0765766666666667	0	0	0.198813333333333	0.11616	0.195558333333333
0.0360366666666667	0.0598766666666667	0	0	0	0	0.164784	0
0.4729	0	0	0	0	0	0	0
0.37617	0	0	0	0	0	0	0
0.176765	0.2141	0	0	0	0	0.44432	0
0	0	0	0	0	0	0	0
0.088295	0	0.30265	0	0	0.22143	0	0
0.191856666666667	0	0	0	0	0.114513333333333	0.0607633333333333	0.261556666666667
0	0	0.35994	0.076845	0	0	0	0.17302
0.18916	0	0	0	0	0	0.05702	0
0	0.21801	0.16956	0.60665	0	0	0.15757	0
0.039466	0.0017116	0	0	0.043394	0.075935	0.020982	0.016808
0.059053	0	0.093577	0	0.043854	0.18815	0	0.21979
0	0	0.13065	0	0	0.13713	0	0
0	0	0.13313	0.037932	0.039869	0	0	0
0	0	0	0.151785	0.14705	0	0	0
0	0	0	0	0	0	0	0
0	0	0	0	0	0	0	0
0	0	0.330813333333333	0.27801	0.0815766666666667	0	0	0
0	0	0	0	0	0.0703433333333333	0.26892	0
0	0	0.186613333333333	0.238353333333333	0.109483333333333	0	0	0.64701
0	0.11439	0	0	0	0	0	0
0	0	0	0.2056	0	0	0	0
0.450256666666667	0.22562	0	0	0	0.41553	0.273713333333333	0.214523333333333
0.269983333333333	0.124086666666667	0.0241573333333333	0.21472	0.151623333333333	0	0	0.08064
0.0562766666666667	0	0	0	0.16389	0	0	0
0	0.170613333333333	0	0.0352466666666667	0.0399466666666667	0.232403333333333	0	0
0	0	0.45819	0	0	0.3934	0	0
0	0	0	0	0	0	0	0
0	0.0136595	0.0940533333333333	0.355686666666667	0	0.10692	0.46041	0.541573333333333
0	0	0	0	0	0	0	0
0	0	0	0	0	0	0	0
0	0	0	0	0	0	0	0
0.242483333333333	0.076735	0.0940533333333333	0.28054	0	0	0.27452	0.281133333333333
0.474875	0.277225	0	0.0160015	0.062199	0	0	0.90937
0.198152333333333	0	0.097198	0	0	0.37217	0	0.00171775666666667
0	0.169673333333333	0	0	0	0	0.14924	0.0998366666666667
0.132366666666667	0.329773333333333	0	0.07383	0.08091	0.144956666666667	0.325206666666667	0
0	0	0	0	0.124306666666667	0	0.286916666666667	0
0.203373333333333	0.49524	0	0.107633333333333	0	0	0	0
0.319246666666667	0.310426666666667	0	0	0	0.233736666666667	0.25541	0
0.399995	0	0	0	0	0	0.443895	0.839276666666667
0.113113333333333	0	0	0	0	0.146153333333333	0	0.258806666666667
0	0	0.30948	0.1846	0	0.304916666666667	0	0.542106666666667
0	0.21098	0	0	0.202863333333333	0	0	0
0.171713333333333	0.33837	0.167686666666667	0.228503333333333	0	0	0	0
0	0.392296666666667	0.189096666666667	0	0.106083333333333	0.189306666666667	0	0
0	0	0.3894	0	0	0.206393333333333	0	0
0	0.12271	0	0	0	0	0	0
0.018782	0	0	0	0	0.12312	0	0
0.018782	0.149375	0	0.42124	0	0.12312	0	0
0	0	0	0.24305	0	0	0	0
0	0	0	0.036313	0	0	0	0
0.59408	0	0	0.33486	0.39219	0	0	0
0.35503	0.26963	0	0	0	0	0.33236	0.60263
0.141203333333333	0.16868	0.062715	0	0	0	0.174333333333333	0
0	0	0	0	0	0	0	0
0.039019	0.15686	0	0.35102	0	0	0.1013	0.09722
0.171503333333333	0	0.42355	0.164503333333333	0	0.376215	0.254046666666667	0
0.170256666666667	0.166333333333333	0	0	0.154456666666667	0	0.286016666666667	0
0	0.23579	0	0	0.22541	0	0	0.09478
0.60747	0.27662	0	0	0	0	0	0
0	0.32037	0	0	0	0	0.215365	0
0	0	0	0	0	0	0	0
0	0.373595	0	0	0	0	0	0.0981133333333333
0	0	0.127475	0	0	0	0	0.27093
0	0.049728	0	0	0	0	0	0.13315
0	0.53638	0	0	0	0	0	0
0	0	0	0	0	0	0	0
0.89452	0.82535	0.18003	0.15664	0.31519	0.38972	0	0
0.51501	0.066246	0.0572474	0.68216	0	0.191476	0.33211	0.35592
0	0	0	0.64771	0	0	0	0
0	0	0	0	0	0	0	0
0	0.25338	0	0	0	0.10586	0.34809	0.028323
0	0.687575	0.287255	0	0	0	0.175135	0.281286666666667
0	0.10818	0.0677	0.109785	0	0	0	0
0	0	0	0.39284	0	0	0	0
0	0	0	0.0365425	0.016283	0	0	0.0648433333333333
0.05867	0	0	0	0	0	0	0.12173
0.08916	0	0	0	0	0	0	0
0.15228	0	0	0	0	0	0	0.1133442
0	0	0.44632	0.5898	0	0.62305	0	0
0.168635	0.024479	0.04912	0.0332866666666667	0.0354033333333333	0	0	0.120803666666667
0	0.25258	0.0943466666666667	0.06758	0.220366666666667	0.07893	0.275983333333333	0.109663333333333
0	0	0.10676	0	0.473945	0	0.187276666666667	0
0	0	0	0	0	0	0.14112	0.34426
0	0.349556666666667	0.0634466666666667	0.0943833333333333	0.303633333333333	0	0.42434	0
0	0.1099	0	0	0	0	0.26293	0
0	0.181456666666667	0.08573	0	0	0	0.228076666666667	0
0	0	0.08772	0	0.34922	0.3198	0	0
0	0	0.079945	0.45687	0.32596	0	0	0
0	0	0.08821	0.283505	0.44748	0	0	0
0.242873333333333	0	0.235656666666667	0.155096666666667	0	0	0	0
0	0.298256666666667	0.127186666666667	0	0.0737466666666667	0.347976666666667	0.31034	0
0	0	0.105113333333333	0.05051	0.0304416666666667	0.294353333333333	0	0
0.384743333333333	0.299976666666667	0	0	0.06481	0.32696	0.26939	0
0.29098	0.42096	0	0	0	0	0	0.30366
0	0	0	0.25725	0	0	0	0
0	0	0	0	0	0.039129	0.075543	0
0	0.193333333333333	0	0.000632566666666667	0.361867	0	0	0
0.0318606666666667	0.0805066666666667	0	0.273176666666667	0	0	0.17469	0.245663333333333
0.059594	0.22957	0	0	0	0	0	0.061078
0	0	0	0.31385	0.25654	0	0	0.5061
0	0	0	0	0	0.27287	0.41357	0.48858
0.3405	0	0.65124	0	0	0.67056	0	0.46807
0	0.29757	0	0	0	0	0.335	0
0	0	0.200303333333333	0.29869	0	0.130773333333333	0	0
0	0	0	0.218896666666667	0.3457	0.10208	0.0328075	0.0368166666666667
0	0.061315	0.164385	0.224243333333333	0.47829	0.33728	0.028526	0
0.16576	0	0	0.402675	0	0	0	0.264035
0	0	0.283405	0	0.0187615	0.172585	0	0
0.109469666666667	0	0	0	0	0.082	0.12157	0.03583
0	0	0	0	0	0	0	0
0.3511	0	0	0	0	0.55881	0	0.12301
0	0	0	0	0	0	0	0.015372
0	0.0107846666666667	0.0118353333333333	0	0.10269	0.05051	0.015839	0.0213253333333333
0.0231136666666667	0.0426533333333333	0.0617253333333333	0.0279343333333333	0.03749	0.0281726666666667	0.00762433333333333	0
0.028969	0.0274003333333333	0	0	0.0266373333333333	0.021334	0.00597633333333333	0.015599
0	0.31484	0	0	0	0	0.0855	0
0	0	0	0.41751	0.82395	0	0	0
0	0	0	0.80977	0.41112	0.503795	0	0
0.0519525	0.0460546666666667	0.0124363333333333	0	0.544025	0.58722	0.68489	0.434973666666667
0.0552335	0.08661	0.0154006666666667	0.07936	0.536625	0.58846	0.709343333333333	0.438361
0	0	0	0	0	0	0	0
0	0	0.0851966666666667	0.0676133333333333	0.0136086666666667	0.253263333333333	0	0
0.0579766666666667	0.0911	0	0	0.0652633333333333	0.268223333333333	0.198753333333333	0.29192
0	0.420153333333333	0	0	0.20556	0.172683333333333	0.30261	0.252743333333333
0	0.250326666666667	0	0	0	0.337233333333333	0.169743333333333	0.357133333333333
0.158503333333333	0.119406666666667	0	0	0	0.246913333333333	0.20851	0.395243333333333
0.29986	0	0.69259	0	0	0	0	0.0924366666666667
0.018861	0	0	0	0	0.0151425	0.040287	0
0.213503333333333	0	0	0	0.340103333333333	0	0.151593333333333	0
0.48577	0.89277	0	0	0	0	0.86895	0
0	0.8282	0	0	0	0	0	0
0.48247	0	0	0	0	0	0	0
0	0	0	0	0	0	0	0
0.96035	0.149205	0	0	0.31495	0	0.209045	0
0.60248	0.31077	0.69972	0	0	0.67605	0.47753	0
0.12217	0.76037	0	0	0	0	0.49917	0.19228
0	0.0204856666666667	0	0	0	0.0823933333333333	0	0.024768
0	0	0	0	0	0	0	0
0	0.50767	0	0	0	0	0.162945	0.174826666666667
0	0	0	0.241705	0	0	0	0
0.204676666666667	0.0705333333333333	0.333226666666667	0.0939866666666667	0.189056666666667	0.17851	0	0
0	0.40353	0	0	0	0.10931	0	0
0.00398705	0	0.13919	0.22372	0.061075	0.041114	0	0.056142
0.0135615	0	0	0.10248	0.061075	0	0.023549	0.064582
0.279903333333333	0.12921	0	0	0	0	0.016002	0.232416666666667
0.2632	0	0	0	0	0.166575	0	0
0	0	0	0	0	0	0	0
0	0	0.16134	0	0	0.14635	0	0.43729
0	0	0	0	0	0	0	0
0.257559666666667	0.23594	0	0	0.0534666666666667	0.00312603333333333	0.116214666666667	0.127533333333333
0	0	0	0	0	0	0	0
0	0	0.09445	0.235266666666667	0.0956166666666667	0	0.1293	0
0	0.32842	0.147756666666667	0.236163333333333	0.321476666666667	0	0	0.47612
0.0698666666666667	0.192916666666667	0.152233333333333	0.20188	0.150643333333333	0.0459566666666667	0.09479	0.07202
0	0	0.159395	0.152205	0	0	0	0
0.31362	0	0	0	0	0	0	0.222626666666667
0.161773333333333	0.14556	0.347955	0	0.0892	0.016852	0	0.335546666666667
0	0.10743	0	0	0	0	0	0
0.17015	0.19433	0	0.26841	0.184895	0	0.175766666666667	0.223263333333333
0.068159	0.034547	0	0.34547	0.22428	0.34462	0.054036	0.11081
0	0	0	0	0.041037	0.075645	0.044069	0
0	0	0	0	0	0	0	0
0	0	0	0	0	0	0.072425	0.0315093333333333
0.170818	0.21428	0.28174	0	0	0.30755	0	0
0	0.09395	0	0	0	0	0.11764	0.16683
0.0554933333333333	0	0	0.543423333333333	0	0	0.11883	0.171253333333333
0.09997	0.34208	0	0	0	0	0	0
0.160903333333333	0.228043333333333	0	0	0.16507	0.13493	0.09209	0.0902766666666667
0.56566	0.31864	0.54872	0.57069	0	0.42831	0	0
0	0	0	0	0	0	0.256405	0
0	0	0.121345	0	0	0	0	0
0	0	0	0.04277	0.08906	0	0	0.4066
0	0	0.167916666666667	0.04012	0	0.152136666666667	0	0.243223333333333
0	0	0	0	0.22622	0	0	0.33721
0.0283113333333333	0.0154486666666667	0	0.012958	0	0	0	0.0124506666666667
0	0	0	0.05575	0	0.0318535	0	0.01118
0.19106	0	0	0.17079	0.156275	0	0.153413333333333	0
0.66576	0.396035	0.0324245	0	0.125105	0.069332	0.147635	0
0.25301	0.33216	0	0	0	0	0	0.14485
0	0.369	0.197856666666667	0.247013333333333	0	0.17975	0	0
0	0	0.07909	0	0	0	0	0
0	0.053905	0	0	0	0	0	0
0	0	0	0	0	0	0	0
0	0.26331	0.0747285	0	0	0.011019	0	0
0.0696336666666667	0.252565	0.08269	0.306856666666667	0	0.0272006666666667	0	0.0777733333333333
0.189266666666667	0.601975	0.540873333333333	0.1896	0.500005	0	0	0
0.181113333333333	0.626675	0.521936666666667	0	0.381705	0	0	0
0.0873066666666667	0	0.019258	0.430296666666667	0.368905	0.0839	0	0.250736666666667
0	0	0	0.044117	0.14513	0.1636	0	0
0.082155	0.0112185	0.10909	0	0	0	0	0.101846666666667
0	0.0112185	0.10909	0	0	0	0	0
0.07079	0	0	0	0	0.085	0	0
0.15657	0	0.0218185	0	0	0.053255	0	0.25897
0.072185	0	0	0.079745	0	0.31936	0.049043	0.0420133333333333
0	0	0	0	0.112456666666667	0.15496	0.460213333333333	0
0	0	0	0	0.30394	0	0	0
0	0	0.39905	0	0	0.19807	0	0
0	0	0.41419	0	0	0.16736	0	0
0.28765	0	0.470473333333333	0.08682	0.246805	0.7857	0	0.06774
0	0	0	0.30338	0	0	0	0
0	0	0.18346	0	0	0	0.35695	0.75194
0	0	0	0	0	0	0.33683	0.57118
0.31243	0.47965	0	0	0	0	0	0
0.28557	0	0	0	0	0	0	0.27676
0.066611	0	0.21068	0.041061	0.090355	0	0.34532	0
0.04505	0.128545	0	0.26701	0.405725	0	0.630545	0.140946666666667
0	0	0	0.31885	0.423475	0	0	0
0	0	0	0	0	0.233045	0	0
0.40055	0	0	0	0	0.31261	0.86051	0.175685
0.031314	0	0.13788	0	0.12296	0.2627	0.0069725	0
0.035493	0.01528	0.1319	0	0.1206	0.26482	0.0070645	0
0	0	0.087928	0	0	0	0	0
0.66702	0.57146	0	0	0	0	0.90282	0.97637
0	0.0125486666666667	0.31655	0.210763333333333	0	0.131826666666667	0.0238826666666667	0
0	0	0	0	0.53652	0	0	0
0	0	0	0.2124	0.2571	0	0	0
0.080405	0	0	0.26587	0	0	0.26401	0
0	0	0	0.497115	0.33056	0	0	0
0	0	0.54256	0.17479	0.224265	0	0.16151	0.0267596666666667
0.12357	0.005922	0.140495	0	0	0.076085	0.020899	0
0	0.0180215	0	0	0	0	0.0214535	0
0.292123333333333	0.0601763333333333	0.282195	0.428106666666667	0	0	0.09692	0
0	0	0.22858	0.54688	0.39077	0.39813	0	0
0.1313325	0.0795433333333333	0	0	0	0	0.196726666666667	0.381095
0.152254	0.372413333333333	0.37938	0	0	0	0.189003333333333	0.404735
0.24222	0	0	0.419335	0.448425	0	0.48679	0.210806666666667
0.246453333333333	0.131006666666667	0.0624633333333333	0.28085	0.120873333333333	0.031651	0.14843	0.0767933333333333
0	0	0	0.0701666666666667	0	0	0	0.0303953333333333
0.0148123333333333	0	0	0.258153333333333	0.273216666666667	0	0	0.138103333333333
0.05904	0.09025	0	0.224256666666667	0.269486666666667	0	0	0.131993333333333
0	0	0.104623333333333	0	0	0	0	0
0	0.38995	0.098555	0	0	0.076536	0.096681	0
0	0	0.211233333333333	0.08407	0	0	0	0
0.180503333333333	0.146776666666667	0.0888333333333333	0	0.28962	0.0762233333333333	0	0
0.0880633333333333	0.0666633333333333	0.0709266666666667	0	0	0	0	0
0.17608	0	0	0	0	0	0	0.379396666666667
0.134353333333333	0	0	0	0	0	0	0.328786666666667
0.60795	0	0	0	0	0	0	0.29462
0.11017	0	0	0.047232	0	0	0	0.50982
0	0.0321285	0.039584	0.27788	0.091383	0.19136	0.329865	0.151743333333333
0	0.13405	0	0.013816	0.084326	0	0.28793	0.56909
0.014437	0	0	0	0	0	0	0.061301
0	0	0.00355735	0	0	0	0	0
0.34756	0	0.90585	0.44614	0.58477	0.4531	0.57741	0.42829
0.06441	0	0.067926	0	0	0	0	0.19479
0	0	0	0.33789	0	0	0.319285	0
0	0.13396	0	0.88043	0.79508	0	0	0
0.04877	0.0822533333333333	0.0108943333333333	0	0.32013	0.06948	0.11332	0.0565953333333333
0	0.20382	0	0	0.0717733333333333	0	0	0
0.198733333333333	0.19854	0.318996666666667	0.54458	0	0.189996666666667	0.11409	0.0696516666666667
0.107603333333333	0.06208	0	0	0	0.13609	0.2428295	0
0.117546666666667	0	0	0	0	0	0	0.199536666666667
0.397786666666667	0.0675885	0.0874866666666667	0.22177	0	0.168653333333333	0	0
0	0.017189	0.158013333333333	0.0689166666666667	0	0.120183333333333	0	0
0.175006666666667	0	0	0.142446666666667	0	0	0	0.0978433333333333
0.275926666666667	0	0	0.06242	0	0	0	0.022143
0	0	0	0	0	0	0	0
0	0.366416666666667	0	0	0.091555	0	0	0
0.259799333333333	0.349356666666667	0.533625	0.08657	0.11513	0.11696	0.201196666666667	0.0393533333333333
0.27681	0	0	0.014973	0	0	0.163446666666667	0.228891333333333
0	0	0.065225	0	0	0	0	0
0.81231	0	0	0	0	0	0	0.0492274
0.0204455	0.047784	0.35965	0.14211	0.048071	0	0	0
0	0	0	0	0	0	0	0
0.020506	0	0	0	0	0	0	0.16559
0	0.324796666666667	0.37245	0.257956666666667	0.501693333333333	0.316165	0.271823333333333	0
0	0.27148	0.407355	0	0	0.0297575	0.226666666666667	0.051875
0	0.00820333333333333	0.006823	0	0.11891	0	0.0254743333333333	0
0	0.183276666666667	0	0	0	0.29745	0.41546	0
0.0277485	0	0	0	0	0	0	0
0.195446666666667	0.369785	0.62348	0.3575	0.58918	0.134635	0.213695	0.143573333333333
0.0922336666666667	0.1129338	0	0.180026666666667	0	0.166619	0.0792033333333333	0.0708073333333333
0	0.536865	0.78292	0.47757	0.48677	0.415375	0.32042	0
0	0.121563333333333	0.02121	0.160922333333333	0.156482333333333	0.0470666666666667	0	0
0.25539	0	0	0.374755	0	0	0	0.608143333333333
0.0223935666666667	0.077605	0	0	0.0162945	0.014308	0.04225	0.0174656666666667
0	0	0	0	0	0	0.2426	0
0.16265	0	0	0.56553	0	0	0	0.22686
0	0	0	0	0	0	0	0.0382566666666667
0.253895	0.0009481	0.082025	0.0403855	0	0	0.09846	0
0.326875	0.067995	0	0.23731	0.292395	0.147203333333333	0.21012	0
0.009511	0.009954	0	0	0.104545	0.023724	0.01274	0
0	0.30599	0	0	0	0	0	0
0.223756666666667	0.303916666666667	0.0730566666666667	0.0965633333333333	0	0.260736666666667	0.309936666666667	0.155766666666667
0	0.61768	0	0	0	0	0	0
0.004889	0.15675	0	0	0.047258	0.0242236666666667	0.60994	0
0.0601666666666667	0	0	0	0	0	0.08634	0.233076666666667
0	0.0617373333333333	0.245133333333333	0	0	0	0.159333333333333	0
0.202205	0.25369	0.075438	0	0.28641	0.673045	0.61138	0.71027
0.075626	0.22896	0	0.3217	0	0.66626	0.6052	0.69128
0.069005	0	0	0.13279	0	0.77759	0.63006	0.76467
0	0	0	0	0	0	0.08116	0
0.00516106666666667	0	0.0322965	0.12836	0	0.098605	0.0115343333333333	0.0175886666666667
0.00458	0.0013079	0.07677	0.0909866666666667	0	0	0.00088525	0.0103266666666667
0.105076666666667	0.0131043333333333	0.157126666666667	0	0	0	0.00471	0
0.00801866666666667	0.00322843333333333	0.171426666666667	0.321206666666667	0	0	0	0
0.072155	0	0.069007	0	0.2921	0.67288	0.57356	0.68296
0	0	0	0.032502	0	0	0	0
0	0	0.23133	0	0.100183333333333	0	0.0111043333333333	0.0435133333333333
0	0.2507	0.78138	0	0	0	0	0
0	0.192265	0	0	0	0	0.23221	0
0	0	0	0	0	0	0	0
0	0	0	0	0	0	0	0
0	0	0	0	0	0	0	0
0.18643	0.135455	0	0.136967333333333	0.0395233333333333	0.0756545	0.052485	0.060985
0	0	0	0	0	0	0	0
0.81099	0	0	0	0	0	0	0
0	0	0.254215	0	0	0.190526666666667	0	0.57247
0	0.92792	0.32963	0	0	0	0	0
0.33137	0	0	0.835625	0.24969	0.259235	0	0
0	0	0.214975	0.383255	0.225986666666667	0.259745	0	0.2184
0	0	0.17917	0.383255	0.225986666666667	0	0	0.1456
0.0576533333333333	0.12662	0	0.2258	0.25718	0	0.206625	0
0	0.3389	0	0	0.08076	0	0.09953	0
0.33123	0	0	0	0	0	0	0.60929
0	0.068992	0	0	0	0	0.1428	0
0.23413	0.31436	0.298586666666667	0.264216666666667	0	0.137296666666667	0.38066	0.16443
0	0	0.194066666666667	0.29017	0.149165	0.165156666666667	0	0
0	0	0	0	0	0	0	0
0.146945	0	0.182793333333333	0.129783333333333	0.112056666666667	0	0.306386666666667	0
0	0	0	0	0	0.026143	0.27565	0
0	0.32571	0.31689	0.66404	0.391065	0.259875	0	0
0	0.07062	0	0	0	0.05588	0	0
0.26723	0.6383	0	0	0	0.41993	0.218445	0.184756666666667
0	0	0.25293	0	0	0	0	0
0.251925	0	0	0	0	0	0	0
0	0	0	0.205923333333333	0.331313333333333	0	0	0
0	0.0779866666666667	0	0	0	0	0.166886666666667	0
0.05114	0.312	0.271786666666667	0.238553333333333	0.116423333333333	0.1899	0	0.166146666666667
0	0	0	0	0	0	0	0
0	0.378135	0.75834	0	0	0	0.12987	0.1035
0.103013333333333	0.397855	0	0	0.429655	0.157033333333333	0	0
0	0	0	0	0	0	0.0995566666666667	0
0	0	0	0.266093333333333	0	0.0745866666666667	0.0858666666666667	0
0.16114	0.201676	0.006793	0.08964	0.0134496666666667	0	0.11323	0.1122
0.2948915	0	0.066495	0	0	0	0.277935	0.359217666666667
0	0	0	0	0	0	0	0
0	0	0	0	0	0	0	0
0.07497	0.38976	0	0	0	0	0.60768	0.107456666666667
0.149176666666667	0	0	0	0	0.226915	0.241165	0.145563333333333
0.38293	0	0.56517	0	0	0	0	0.26719
0	0	0	0	0	0.59906	0	0
0.0129665	0.011724	0.057915	0.054935	0.40123	0.263495	0.3265	0.42646
0.0295595	0.1824075	0.10442	0.42142	0.54822	0.29454	0.336035	0.43992
0.0003536	0.00335066666666667	0.089423	0.278183333333333	0.559443333333333	0.414633333333333	0.322836666666667	0.123396666666667
0.00374833333333333	0.153934	0.0583966666666667	0.289003333333333	0.65255	0.438226666666667	0.260916666666667	0.12544
0	0	0	0	0	0	0.209656666666667	0
0	0.38881	0	0.45938	0	0	0.44831	0
0.20537	0.05447	0	0	0	0.199846666666667	0.0845133333333333	0.171536666666667
0.114893333333333	0.0318546666666667	0	0	0	0	0.0770733333333333	0.17438
0.063655	0.292256666666667	0	0	0	0	0	0
0.09647	0.0790166666666667	0.255706666666667	0	0.39135	0.025371	0.0927133333333333	0
0	0	0	0	0	0	0.20549	0
0	0	0	0.25059	0.24373	0	0	0
0	0	0	0.21319	0.027925	0	0.35348	0
0.0433826666666667	0.00533433333333333	0	0.00497233333333333	0.0505433333333333	0.06938	0.0481133333333333	0.06764
0	0.70214	0	0	0	0.30178	0.73683	0
0.25282	0.11198	0	0.007118	0.0138836666666667	0	0.07807	0.0546826666666667
0	0	0	0	0	0	0.00912033333333333	0
0	0	0.337635	0.130263333333333	0	0	0.00867133333333333	0
0.0336133333333333	0	0.005275	0.012031	0	0.120953333333333	0.174286666666667	0.14263
0.0221725	0	0	0.18097	0.034312	0	0	0.055154
0	0	0	0.47934	0.63272	0	0	0
0	0.179233333333333	0.23019	0	0.013922	0.158756666666667	0.125693333333333	0
0.13032	0.0029198	0.06571	0.1756005	0.31606	0.25642	0.033111	0.48063
0	0	0.3573	0.218425	0	0.40716	0.28387	0
0	0.361475	0.664935	0.38041	0	0.43575	0.690715	0
0	0.50985	0	0.81018	0.49014	0	0.86664	0
0	0.58883	0.58409	0.93957	0.84902	0.61043	0.90324	0.411855
0.073433	0	0	0.13201	0	0.42298	0	0
0.28441	0	0	0.13201	0	0.42298	0	0
0	0	0	0.91764	0.63884	0	0	0
0.07508	0	0	0	0	0	0.394425	0.0273406666666667
0	0	0.146813333333333	0.094101	0.029682	0.03768	0	0.091478
0.002795	0	0	0.00660633333333333	0	0	0	0
0.08285	0	0.18734	0.13379	0	0.083995	0.148085	0.15254
0	0	0	0	0	0	0	0
0	0.07813	0.241245	0	0	0.078295	0.08639	0.006151
0	0.14052	0	0	0	0	0.07519	0.00368966666666667
0.194916666666667	0	0	0	0	0	0.0783466666666667	0.146966666666667
0	0	0	0	0	0	0	0
0.7052	0	0	0	0	0.59861	0	0.83941
0	0	0	0	0.1358	0	0.13764	0
0	0	0	0	0.16987	0	0	0
0	0.5525	0	0	0	0	0.78309	0.26719
0	0	0	0	0	0	0.84953	0
0.279295	0.191295	0	0.215665	0.109325	0.28824	0.15772	0.288306666666667
0	0	0	0.95853	0.66823	0	0	0
0	0	0.31351	0	0	0.285633333333333	0	0
0.0174666666666667	0.31787	0	0	0	0	0.08503	0
0	0	0	0.22435	0	0	0	0
0	0.77404	0	0.32074	0	0	0.73019	0
0	0	0	0	0	0	0.097277	0
0.407535	0	0	0.46963	0	0	0	0
0	0.82714	0	0	0	0	0	0
0	0	0	0	0	0	0	0
0	0.47341	0	0	0	0	0	0.39959
0.6187	0	0	0	0	0	0.561	0
0.34015	0	0.68873	0	0	0	0	0
0.34015	0	0.68873	0	0	0	0	0
0	0.0373465	0.362535	0	0	0	0.16473	0
0.244123333333333	0	0.362866666666667	0	0	0	0	0.18992
0.102023333333333	0.32237	0.017024	0	0.35436	0.226863333333333	0	0.0452833333333333
0	0	0	0	0	0	0	0
0	0	0	0	0	0	0	0
0.0761933333333333	0	0	0	0	0	0	0
0	0.4663	0	0	0.23994	0.13601	0.31492	0
0.501405	0	0	0	0	0	0	0.186046666666667
0	0	0.0876666666666667	0	0	0.07881	0.05609	0.60389
0	0	0	0	0	0	0	0
0.25626	0	0.666715	0.22389	0.327705	0.67797	0.58355	0.408406666666667
0	0	0	0.22389	0.327705	0	0.52443	0.188883333333333
0.10532	0	0	0.100515	0	0	0	0
0.152895	0	0	0	0	0.26933	0.30762	0
0	0	0.54315	0	0	0	0.04971	0
0	0	0	0	0	0	0	0
0	0	0.21476	0	0.21532	0.062875	0.270555	0.117023333333333
0	0	0	0	0.0043123	0	0	0.26171
0	0.16265	0	0.082489	0	0	0.37242	0
0	0	0	0	0	0	0	0
0.251165	0.233646666666667	0	0	0	0	0.21186	0.45325
0.0574733333333333	0.05839	0.08573	0.23113	0.163596666666667	0.0976266666666667	0.153213333333333	0.174113333333333
0	0.195606666666667	0.531516666666667	0.10203	0.135703333333333	0.27561	0.410933333333333	0.234776666666667
0	0.60815	0.15738	0.28642	0.32643	0.386315	0.26603	0
0	0.60815	0.15738	0.28642	0.32643	0.386315	0.26603	0
0.304585	0.40526	0.19598	0.27987	0	0.208877	0	0
0	0.058611	0	0	0	0.00298045	0	0.23746
0.27516	0	0	0	0	0	0	0.33976
0	0	0	0	0	0	0	0
0	0	0.094455	0.89369	0.90469	0.17588	0	0.252843333333333
0	0.24315	0	0	0	0	0.59419	0
0	0	0	0	0	0.17171	0	0
0	0.020133	0.93215	0.26383	0	0	0.173243	0.13214
0	0.1386915	0	0	0	0	0.1832375	0.11445
0	0	0.062835	0.024906	0.300325	0.21715	0	0
0	0	0.0281376666666667	0	0	0.0155043333333333	0.486543333333333	0.313726666666667
0.051696	0	0	0	0	0	0.27164	0
0	0.472915	0	0	0	0	0	0
0	0	0	0	0	0.056273	0	0
0	0	0	0	0.37128	0	0	0
0.00874	0	0.00099335	0.469755	0.404365	0.222375	0	0.293443333333333
0	0	0	0	0.84215	0.51657	0	0.41813
0	0.0712893333333333	0	0.08811	0.263766666666667	0.161109	0.187696666666667	0
0.1762925	0.0936465	0.2266165	0	0.61649	0.42767	0.26637	0.20478
0.1107	0	0.52113	0	0	0	0	0
0.02045	0	0.13766	0	0	0	0.175865	0.044189
0	0.044466	0.131375	0	0	0.12004	0.0346515	0
0.139233333333333	0.3923	0	0	0	0	0.128433333333333	0
0	0	0	0.308905	0.26027	0	0	0
0	0	0	0	0	0	0	0
0	0	0	0	0	0	0	0
0	0	0.271396666666667	0.559103333333333	0.815695	0.509956666666667	0	0
0	0	0	0.585165	0.37213	0	0	0
0	0.2913	0	0	0	0	0	0
0	0	0	0	0.09277	0	0	0
0	0	0	0	0	0	0	0
0	0	0.272513333333333	0	0	0	0.209546666666667	0
0	0.16375	0	0	0.20532	0	0.271276666666667	0
0	0.110263333333333	0.08798	0.138103333333333	0.03607	0.18318	0	0
0.25042	0	0.144266666666667	0.18875	0.0401966666666667	0	0.05868	0.06024
0.246646666666667	0.168336666666667	0.22223	0.170906666666667	0.258546666666667	0	0.272533333333333	0.0875366666666667
0.244386666666667	0	0.124223333333333	0	0.168626666666667	0	0.1485	0.0730633333333333
0	0	0	0.24729	0.58198	0	0	0
0	0	0	0	0.12984	0	0	0
0.62281	0	0	0	0.083584	0	0	0
0.0942766666666667	0.243873333333333	0	0	0.49843	0.306316666666667	0.0957566666666667	0.508066666666667
0.14865	0.475323333333333	0.502766666666667	0.04484	0.0163373333333333	0.128726666666667	0	0.1787
0	0.14378	0	0.076629	0.022628	0	0	0
0.24419	0.220355	0	0.197055	0	0	0.26454	0.0585666666666667
0.22466	0	0	0	0.39037	0.47076	0.4873	0.18044
0	0.87164	0	0	0	0	0	0
0.06752	0.31558	0.155263666666667	0.157535	0.130155	0	0.116855	0
0	0.19086	0	0.33984	0.20126	0	0	0
0	0	0	0.289985	0.277535	0.57101	0	0
0.0309228	0.445485	0.07336	0.163595	0.428355	0.111255	0.21783	0.148126
0.234763333333333	0	0	0.212996666666667	0	0	0	0
0.222216	0.640346666666667	0.07336	0.163595	0	0.14378	0	0.29083
0	0.005041	0.00807233333333333	0.0142955	0.0148845	0.144732333333333	0.083203	0.0601223333333333
0.27771	0.29937	0	0.115613333333333	0	0	0	0.119523333333333
0.10579	0	0	0	0	0	0	0.267416666666667
0.100849333333333	0	0.15924	0.178986666666667	0.229426666666667	0	0.353555	0.13828
0	0	0	0	0	0	0.173	0
0.13682	0	0	0.084505	0.026672	0	0	0
0.05869	0	0	0	0	0	0	0.16482
0.14846	0.139825	0	0	0.49751	0.44701	0.133815	0
0.201225	0.226685	0.423675	0	0.251725	0.0042499	0	0
0.0178215	0.11013	0	0	0.147455	0.0022274	0	0
0	0	0	0	0	0	0	0
0	0	0.31488	0.286330333333333	0	0.19217	0	0.0863533333333333
0.076892	0.084785	0.15052	0	0	0.24191	0	0
0.04037	0	0.70372	0	0	0.87997	0	0
0	0	0	0	0.093226	0	0.10761	0.13243
0	0.0305086666666667	0	0	0.07097	0	0.05028	0.145866666666667
0.060765	0	0.24749	0	0	0.09747	0	0
0	0.732155	0.356495	0.49083	0.487575	0.405985	0.35205	0
0	0	0.492188333333333	0	0	0	0	0
0.213123333333333	0.0566766666666667	0	0.14029	0.177565	0.200985	0.17112	0.298586666666667
0.108385	0.22876	0.10488	0	0.113475	0.422475	0.27613	0
0.122423333333333	0.23	0.187876666666667	0.06937	0	0.394143333333333	0.299373333333333	0
0	0	0.0793537	0.25513	0.10852	0.105706666666667	0.024837	0
0	0.018705	0.04279	0	0	0	0.0145063333333333	0
0.0406866666666667	0	0	0	0.11565	0.0459033333333333	0	0
0.35134	0	0	0.08187	0.08298	0.384383333333333	0.88923	0
0.113286666666667	0.0347366666666667	0.4292	0	0	0.14104	0	0.10379
0.0503905	0.0998525	0.19063	0.16377	0.16508	0.16299	0.108071	0.0273983333333333
0.134465	0.10298	0.40145	0.57862	0.55838	0.32006	0.0669	0.104906666666667
0.2513845	0	0	0.08657	0.0879833333333333	0	0	0.0859793333333333
0	0	0.47766	0.31609	0.29521	0.65244	0.19581	0
0	0	0	0	0	0	0	0
0	0.27912	0.27819	0	0	0.14156	0	0.13826
0.58495	0	0.63942	0.53942	0.588	0	0	0.64023
0.162716666666667	0	0	0	0	0.0974166666666667	0.184126666666667	0.0325113333333333
0	0	0	0	0	0.18812	0	0
0	0	0	0	0.093823	0	0	0.42982
0	0	0	0	0.093823	0	0	0.42982
0.84248	0.45155	0	0	0	0	0	0.916415
0.0423065	0.06547	0	0	0	0.085645	0.272625	0
0.045194	0	0	0	0	0	0	0
0.203496666666667	0	0.23856	0.19382	0.223333333333333	0.296513333333333	0	0.775066666666667
0.166003333333333	0	0	0.125413333333333	0.15045	0	0.263863333333333	0.492223333333333
0.637346666666667	0	0	0.53036	0	0	0.547236666666667	0.466446666666667
0	0.127593333333333	0	0.0029868	0.162343333333333	0	0.11302	0
0.00156125	0	0	0	0	0	0.102275	0
0.15938	0.30295	0.388165	0	0	0.67612	0.190915	0.175026666666667
0	0	0.7099	0	0	0.27738	0.6259	0.24005
0.52097	0	0	0.39431	0.50627	0	0	0
0.13646	0	0	0.11909	0	0	0	0
0.188006666666667	0.240906666666667	0.51941	0.240923333333333	0.23531	0.4382	0.20416	0
0.360105	0.106375	0	0	0	0.389315	0.106445	0
0	0	0	0	0	0	0	0
0.305935	0	0.396345	0.330535	0.39892	0	0	0
0	0.41404	0	0.26615	0.39444	0.136993333333333	0.411685	0
0	0	0	0	0	0.35555	0	0
0.15516	0	0	0	0.0517666666666667	0.06383	0	0
0	0	0	0	0	0.49543	0	0
0	0	0	0	0	0	0	0
0	0	0.322316666666667	0.108363333333333	0.219726666666667	0.0879933333333333	0	0
0	0	0.322316666666667	0.173086666666667	0.438846666666667	0	0	0
0	0	0	0	0	0	0.218415	0.0128863333333333
0.199523333333333	0	0	0	0	0	0	0
0	0.093904	0	0	0	0	0.24787	0
0	0.00526066666666667	0	0	0.096975	0	0.0774566666666667	0.022998
0	0	0	0	0	0	0	0
0	0	0	0.54063	0.28552	0.029382	0	0
0	0	0	0	0	0	0	0
0.36093	0	0	0	0	0	0.33864	0.60407
0.4806	0.285115	0.66732	0.440395	0.30813	0	0	0.3367485
0.427586666666667	0.286725	0.3462	0.32262	0.101115	0.14626	0.26727	0.37282
0.2626	0	0.33737	0.52158	0.381125	0.0999566666666667	0	0.192755666666667
0.336423333333333	0	0.326555	0.104285	0.197875	0.0978666666666667	0	0.329324333333333
0.30035	0	0	0.33734	0	0.150755	0	0
0.217415	0.37075	0	0	0.18001	0.592015	0.339105	0
0	0.37811	0	0.11685	0	0	0.33522	0
0	0	0	0.236867333333333	0.215514333333333	0.25542	0.101966666666667	0
0	0.130326666666667	0	0.153846666666667	0.149286666666667	0.215536666666667	0.116695	0.132813333333333
0	0.0487695	0	0	0	0	0.05732	0
0	0.0353033333333333	0.32694	0.115615	0.22666	0.15129	0.28017	0
0.3043	0.134826666666667	0	0.233233333333333	0.264293333333333	0.0663	0.330776666666667	0
0	0	0.0906166666666667	0	0	0	0	0.08452
0.33696	0	0.39406	0	0	0.47887	0	0.09122
0.0168585	0	0.542153333333333	0.32487	0	0.36009	0.87208	0
0.175475	0	0	0.818005	0.408225	0.05252	0	0.05321
0	0	0.214865	0	0.337425	0	0.0630466666666667	0.0515866666666667
0	0.18308	0.13706	0	0	0.178233333333333	0.17987	0
0	0.205795	0.20878	0	0	0	0	0
0.005947	0.14762	0.0035978	0	0	0.0025254	0.16987	0.086274
0	0.09841	0.085775	0	0	0.06635	0.064725	0
0	0	0	0	0	0.11348	0	0
0	0	0	0	0	0	0	0
0	0	0.10512	0	0	0	0	0.0679866666666667
0	0.0501833333333333	0	0	0	0	0.025723	0.006597
0	0.18301	0	0	0	0	0	0
0	0	0	0	0	0	0	0
0	0	0.92829	0	0	0.55312	0	0
0	0	0	0.1698	0	0	0	0
0	0.08042	0.12431	0.140275	0.101825	0	0	0
0.18991	0	0	0.38398	0	0	0	0
0.13893	0	0	0.55629	0	0	0	0
0	0.200256666666667	0.31944	0	0	0	0.460406666666667	0.35794
0	0	0.301066666666667	0.21471	0	0.152276666666667	0.592646666666667	0.46599
0.090828	0.090635	0.034116	0.167885	0.126453333333333	0.287965	0.42742	0.39375
0.0909675	0.07481	0	0	0	0.200045	0.42466	0.3927
0.16745	0	0	0.10735	0	0	0	0.31715
0.16745	0	0.2954	0	0.304756666666667	0.028005	0	0.31715
0	0	0	0	0.162665	0.23041	0.12704	0
0.251175	0	0.311	0	0	0.0336965	0	0.475725
0	0	0	0	0	0	0	0
0.470425	0	0.257405	0.2053	0.38781	0.4646	0.102935	0.45303
0.0604566666666667	0.046698	0.00918166666666667	0	0.22176	0.21318	0.0850846666666667	0.172163333333333
0.47878	0.369585	0	0	0	0.22088	0.0945253333333333	0.17537
0.03784	0.1663	0	0	0	0.0367966666666667	0	0.14341
0	0.1887	0	0.29562	0.06213	0	0	0
0	0.6511	0	0	0	0	0	0
0.13549	0.140819333333333	0.071	0.0358766666666667	0.0451466666666667	0.0850333333333333	0.361963333333333	0.361146666666667
0	0	0.378665	0.674715	0.420385	0.478085	0	0
0.44901	0.34073	0	0.137795	0.16168	0	0	0
0.0959433333333333	0.178045	0	0.11374	0.122865	0.22098	0.251555	0.20051
0	0	0	0	0	0	0	0
0.20962	0	0.30145	0.3454	0	0.13187	0	0
0.08642	0.0313566666666667	0.109523333333333	0.351893333333333	0	0.09397	0.20519	0
0.0387615	0	0.32989	0.3994	0	0.201345	0	0.068342
0.085176	0	0	0	0.323305	0	0.116285	0.2101705
0.028298	0	0	0	0.34087	0	0.114285	0.210198
0	0.31483	0.41778	0	0	0.73796	0.294771	0.115963333333333
0.0607566666666667	0.146177	0	0	0.035456	0	0.1733525	0.0559433333333333
0.200293333333333	0	0	0	0	0.15834	0	0
0.267515333333333	0.383865	0	0	0	0.246113333333333	0	0
0	0	0.0069046	0.22957	0.20923	0	0	0.05127
0	0	0	0	0	0	0	0.19926
0.48463	0.0556766666666667	0	0.119206666666667	0	0	0	0.55329
0	0.2884745	0	0.078755	0	0	0	0
0.272066666666667	0	0.44203	0.20769	0	0	0	0
0.104009	0.0412896666666667	0.120146666666667	0.175333333333333	0.08765	0	0.08699	0.42977
0.281073333333333	0.0253306666666667	0.106816666666667	0	0	0	0	0.495173333333333
0	0.235623333333333	0	0.521263333333333	0	0	0.0948533333333333	0.0996066666666667
0.118956666666667	0.109456666666667	0.08705	0.147313333333333	0.276166666666667	0.193847	0.192631333333333	0.15385
0.323173333333333	0.162108936666667	0.274756666666667	0.14257	0.39045	0.322982666666667	0.167661133333333	0.183643333333333
0.33667	0.097306	0	0	0	0.1825	0.2642	0.585945
0	0.33136	0	0	0	0	0.359885	0
0	0.33136	0	0	0	0	0.359885	0.64046
0	0.120855	0	0	0	0.08254	0.10186	0.22531
0.0873133333333333	0.17267	0	0.0209616666666667	0.09186	0.175006666666667	0.183863333333333	0.142376666666667
0	0	0	0	0	0	0	0
0.093576	0	0	0.21434	0.13813	0	0	0.094694
0	0	0	0	0	0	0	0
0	0	0	0.516651333333333	0.238655	0	0.18772	0
0	0	0	0	0	0	0	0
0	0	0	0.188465	0.24359	0.1523	0.27497	0.23104
0.313396666666667	0	0.294106666666667	0	0	0.3043	0	0.3008
0	0	0.32548	0.51829	0.223616666666667	0	0	0
0	0	0	0	0	0	0	0
0	0.360865	0.414475	0	0	0.209235	0	0.209116666666667
0.0899666666666667	0	0.0805833333333333	0	0	0.0643366666666667	0	0
0	0	0	0	0	0	0.07166	0
0	0	0	0	0	0	0	0
0	0	0	0	0	0	0	0
0	0	0.156405	0	0	0.59424	0	0
0	0.13628	0	0.32473	0.309833333333333	0	0.06695	0
0	0	0.21311	0	0	0.30882	0	0
0	0	0	0	0	0	0	0
0	0	0	0	0	0	0	0
0.21449	0.26364	0	0.74022	0.59268	0	0	0.17868
0	0.34345	0.56283	0.68744	0.46461	0	0.28829	0
0.025853	0.35779	0	0.81742	0	0	0.50462	0.12214
0	0.1792	0	0.81742	0	0	0	0
0	0.17674	0.79411	0.81846	0.74139	0.28646	0	0
0.05218	0.0146863333333333	0.0107226666666667	0.0466559666666667	0.01798	0.028848	0.00333766666666667	0
0.32321	0.17624	0	0	0.46066	0.103626666666667	0.329243333333333	0.19228
0.211	0.160312666666667	0.088223	0.011746	0.0109023333333333	0.0342103333333333	0.020345	0.247837666666667
0.133086666666667	0.128094	0.0834566666666667	0.0419533333333333	0.025083	0.0197823333333333	0.0182463333333333	0.230128333333333
0.781203333333333	0.517413333333333	0.35168	0.391553333333333	0.512996666666667	0.594763333333333	0.523773333333333	0.642253333333333
0.50074	0.516353333333333	0.690823333333333	0.69761	0.621103333333333	0.573536666666667	0.565356666666667	0.678303333333333
0.0875033333333333	0	0.136303333333333	0.308976666666667	0.319386666666667	0	0.0456003333333333	0.03408
0.233446666666667	0.138516666666667	0.133996666666667	0.50537	0.303926666666667	0.309206666666667	0.215313333333333	0.26841
0.341733333333333	0.31164	0.12779	0.342623333333333	0.28296	0.26081	0.321423333333333	0.323503333333333
0.47671	0.0776733333333333	0.15332	0	0	0.215043333333333	0	0.301706666666667
0.217406666666667	0.25109	0	0.119623333333333	0	0.0997666666666667	0	0.27491
0	0	0	0.344655	0.317105	0	0	0
0.073495	0	0.2104	0.11984	0.12451	0.0938266666666667	0.263981666666667	0.17773
0.261785	0.4883	0	0.45737	0.20118	0	0.0400505	0.027938
0	0.13427	0	0	0	0	0.065645	0.0174755
0.0562633333333333	0.11013	0.44976	0.0256993333333333	0.137996333333333	0.177605	0.264156666666667	0.118316666666667
0.06766	0	0	0	0	0.54813	0.41674	0.10554
0	0	0	0.83347	0.14275	0	0	0
0	0	0	0	0	0.26682	0.40197	0.3086
0	0	0	0	0	0	0	0
0.1339	0.059799	0	0.071545	0	0.367075	0.37157	0.454573333333333
0.15417	0	0.005533	0.75209	0.34687	0.012574	0	0
0	0	0	0.0955133333333333	0	0	0	0
0.111505	0.0128815	0.219165	0.18922	0.10875	0.09483	0	0.239723333333333
0.44418	0.335846666666667	0.11669	0.15969	0.29947	0	0.113733666666667	0
0.07732	0.24722	0	0.47784	0	0	0.360503333333333	0.206513333333333
0.0999033333333333	0	0	0	0	0	0.22028	0.181576666666667
0	0	0	0	0.072495	0.195385	0	0
0	0	0	0	0	0	0.0592533333333333	0.12358
0	0	0	0.182733333333333	0	0	0.275406666666667	0.20038
0	0.037506	0	0.28057	0.39835	0	0	0
0	0.0117056666666667	0.0190255	0.0780266666666667	0.127466666666667	0.32641	0.22365	0.44644
0.176756666666667	0.153926666666667	0.0752335	0.0898733333333333	0.129583333333333	0.352315	0.266343333333333	0.714646666666667
0.551076666666667	0.0634	0.034356	0	0	0.33786	0.397695	0.81826
0.14002	0.07584	0	0.0379	0	0.058295	0.15841	0
0.105875	0.275305	0	0.55736	0	0	0.33596	0
0	0.054405	0	0.38843	0	0.48742	0	0
0.36442	0	0	0	0	0.361525	0	0
0.01627	0.0858733333333333	0.00197185	0	0.253055	0.0697045	0.161734	0.09953
0.01627	0.09012	0.0567756	0	0.115755	0.082434	0.165142666666667	0.0960566666666667
0.18155	0.10446	0.198156666666667	0.236213333333333	0.123253333333333	0	0	0.40808
0	0.13953	0	0.141493333333333	0	0	0	0
0	0	0.154286666666667	0	0	0	0	0.0315613333333333
0	0	0	0.25445	0.115093333333333	0.04709	0.045559	0.61254
0	0.0261143333333333	0	0	0.031218	0	0.017817	0.49764
0.47513	0	0	0.45455	0	0.97593	0	0
0.365175	0	0.9697	0	0	0.36799	0	0.38996
0.49499	0	0	0	0	0	0	0
0.56109	0	0	0	0	0	0	0
0	0	0	0	0	0	0	0
0.109006666666667	0.0726933333333333	0.0011811	0.07839	0	0	0.09414	0.0643033333333333
0.399695	0.26048	0	0.128295	0.20149	0	0.117873333333333	0.153373333333333
0	0	0.20804	0.428235	0	0	0	0
0.229053333333333	0	0	0	0.2561	0	0	0.0156233333333333
0	0	0	0	0.59142	0	0	0
0.188633333333333	0.226916666666667	0.0715066666666667	0.871273333333333	0.284563333333333	0	0.224376666666667	0.198176666666667
0	0	0	0	0	0	0	0
0.11811	0	0	0.51335	0.6379	0	0	0
0	0	0	0	0	0	0	0
0	0	0.075837	0.40021	0	0.21584	0	0
0	0	0	0	0	0	0	0
0.11952	0.33799	0.117485	0.112086666666667	0.216205	0.72959	0.24992	0.428016666666667
0	0	0	0	0	0	0	0
0.0521	0	0.24647	0.20134	0	0	0	0.017834
0.0090835	0.33364	0	0.402695	0	0	0.3048	0.0557196
0.210795	0.08445	0.3937425	0	0	0.248096666666667	0	0.31377
0.14033	0.094265	0.3465405	0	0	0.0458666666666667	0	0.21491
0	0	0	0	0	0	0	0
0	0.0676433333333333	0	0.1236085	0	0	0.05038	0
0	0.14323	0.082985	0	0	0.00782933333333333	0	0
0.12372	0	0.0233436666666667	0	0.100963333333333	0	0	0.383193333333333
0.16313	0.128795	0.423535	0	0	0	0	0.34622
0	0	0	0.08117	0	0.169475	0	0.18436
0	0.17631	0	0	0	0.07652	0	0.224156666666667
0	0	0	0	0	0	0	0
0	0	0	0.42677	0	0	0	0
0	0	0.025316	0	0	0	0	0
0	0	0.00315525	0	0	0	0	0
0.42457	0	0	0	0	0	0	0
0	0	0	0	0	0	0	0
0	0	0.39168	0.062665	0.15454	0.236205	0	0
0	0.486796	0	0	0.405375	0	0	0
0	0.0690866666666667	0.32604	0	0	0	0.193886666666667	0
0	0	0	0.44312	0.70269	0	0	0
0.020473	0.014819	0	0	0	0	0	0.128706666666667
0.16126	0	0.545665	0.209815	0	0.45425	0	0.376983333333333
0.180746666666667	0.0327826666666667	0.05521	0.104036666666667	0.141796666666667	0.08769	0.199746666666667	0.10968
0.78131	0.12541	0.0077126	0.34962	0.53896	0.090823	0.54744	0
0.24736	0.98805	0	0	0.10035	0	0	0.36639
0	0	0.22915	0.33675	0	0.05594	0	0.38176
0.479795	0	0	0.23831	0	0	0	0.50553
0	0	0.40501	0	0.098505	0	0.0709933333333333	0.0415936666666667
0.017591	0	0	0	0.148306666666667	0.0114015	0.12233	0
0	0.120708	0	0	0.125235	0	0.277165	0
0	0.0194935	0	0.422895	0.275875	0	0.19744	0
0	0.06951	0.43307	0	0.031072	0.54474	0	0
0	0	0	0	0	0	0	0
0.271755	0.11987	0	0	0	0	0.132886666666667	0.440635
0	0	0	0	0	0	0	0
0	0.355645	0.17918	0	0.15679	0.300235	0.47601	0.22897
0.7939	0	0.0458365	0.22843	0	0	0	0
0	0	0.16453	0	0	0.23404	0	0
0	0	0	0	0	0	0	0
0	0.23889	0	0	0	0	0.2941	0
0.32259	0.26051	0	0	0	0	0	0.48371
0	0	0.70044	0.081535	0.24293	0.75859	0	0
0.05787	0.0522266666666667	0	0	0.223808	0.14978	0.021778	0.0738656066666667
0	0	0.36781	0	0	0	0	0.056231
0.15067	0	0	0	0	0	0	0
0.387796666666667	0	0	0	0	0	0	0.28669
0.11737	0	0.077121	0	0.39977	0.13391	0.39581	0.333
0.11737	0	0	0	0.32009	0.08876	0.39581	0.333
0	0.23687	0.370273333333333	0.195233333333333	0	0	0.12153	0.0261836666666667
0	0.0510533333333333	0	0	0.07323	0	0.106813333333333	0
0	0	0	0.24448	0.065793	0	0	0
0.141323333333333	0.201366666666667	0.112483333333333	0.0634533333333333	0	0	0	0.318833333333333
0	0.15757	0	0.0783366666666667	0.1528	0	0	0
0.473283333333333	0.56815	0.252503333333333	0.29395	0.204713333333333	0	0.17242	0.301056666666667
0.209416666666667	0.142793333333333	0.0572033333333333	0.254516666666667	0.185096666666667	0.00299273333333333	0.209933333333333	0.195476666666667
0	0.011317	0	0	0	0	0.024838	0
0	0	0	0	0	0.0971566666666667	0	0
0	0.062885	0.278875	0	0.11164	0.0922933333333333	0	0.02413
0	0	0	0.157826666666667	0.151943333333333	0.188206666666667	0.0922533333333333	0
0	0	0	0	0.17203	0.12289	0	0
0	0	0	0.64382	0	0	0	0
0.023542	0	0.72467	0.71663	0	0.66638	0	0.0198633333333333
0.31153	0	0	0	0	0.310626666666667	0	0.617593333333333
0.231916666666667	0	0	0.13907	0.106175	0.315226666666667	0	0
0	0	0.266465	0.305605	0.28367	0	0	0
0	0	0	0.305605	0.28367	0	0	0.161265
0	0	0	0	0	0	0	0
0	0.499955	0	0.282685	0	0	0	0
0	0.499915	0	0.413845	0	0	0	0
0	0	0.023044	0.0203045	0	0	0	0.289153333333333
0	0	0	0	0	0	0	0
0	0	0	0.1105	0	0	0	0
0	0	0	0	0	0	0.41229	0.34977
0	0	0.23941	0.08402	0.233695	0	0	0
0.758565	0.289353333333333	0	0.217485	0.179605	0.344115	0.1785	0
0	0	0.12063	0	0.032824	0.0517666666666667	0	0
0	0	0.123505	0.549785	0.43337	0.25641	0	0
0.082405	0	0	0.18926	0.33409	0	0	0
0	0	0	0	0	0	0	0.061585
0	0	0	0.098875	0	0.0915	0.016972	0
0	0	0	0	0.38786	0	0	0
0.047346	0.715475	0	0	0.373	0	0.431192	0
0	0.204193333333333	0.144086666666667	0.13603	0.248666666666667	0.2004	0.0188213333333333	0
0	0.14805	0.05312	0	0.23354	0	0.20335	0
0.412075	0.259706666666667	0	0.284583333333333	0.230143333333333	0.22921	0	0.29272
0	0	0	0	0	0	0	0
0	0	0	0	0	0	0.144576666666667	0
0.581335	0	0	0	0	0.187813333333333	0	0.657775
0.0796266666666667	0	0.146893333333333	0.0456933333333333	0	0.344836666666667	0.33841	0
0	0	0.258255	0.499925	0.07663	0.051285	0	0.09103
0	0	0	0	0	0.44116	0	0
0.255913333333333	0	0	0.0583233333333333	0.240266666666667	0.173256666666667	0.255526666666667	0.38122
0	0	0	0	0	0	0	0
0.426646666666667	0	0	0	0	0	0	0.25944
0	0.2878	0	0	0	0	0.084754	0
0	0.3047	0	0	0	0	0.10642	0
0.065333	0.022204	0.043645	0	0	0.29342	0.28153	0.22596
0	0.18347	0.31649	0.0389045	0.013964	0.111025	0.38823	0
0	0	0.373	0	0	0.25307	0	0
0	0	0.167133333333333	0.24786	0	0.212206666666667	0.201083333333333	0.13588
0.00451233333333333	0.10234	0.21118	0	0.00199823333333333	0	0.124763333333333	0.106716666666667
0	0	0.47444	0	0	0	0	0
0.067573	0	0.060142	0	0	0.20147	0.0588566666666667	0.0191936666666667
0	0	0.16322	0	0	0	0	0
0.02185	0.167439666666667	0	0	0	0.0496766666666667	0	0.0296976666666667
0	0.08078	0	0	0	0	0.0959	0
0.0436985	0.0843836666666667	0.04747	0	0	0	0.111538666666667	0
0.17937	0.31257	0	0	0	0	0.36198	0.53193
0.1303	0	0.12873	0	0	0	0.141003333333333	0
0	0.046011	0	0	0	0	0	0.15482
0.372825	0.370165	0.063558	0	0	0	0	0.06715
0.0322366666666667	0.0319086666666667	0.132645	0.174613333333333	0.160423333333333	0	0	0
0.33634	0	0	0.078355	0.0836166666666667	0.196183333333333	0	0.254453333333333
0.141765	0	0.19513	0.15698	0	0.098771	0.0468633333333333	0.118405
0.63146	0	0	0.19691	0	0	0	0
0.61819	0	0.34741	0	0	0	0.183765	0.26816
0	0.172855	0.34741	0	0	0	0.0786	0
0	0.14823	0	0.068143	0	0	0.12987	0
0	0	0	0	0	0.30652	0	0.27048
0	0	0.35331	0	0	0.66716	0	0
0	0.19067	0.22842	0.3274	0.11516	0.31977	0.17562	0
0.120595	0	0.021508	0.05849	0.20219	0.090346	0	0
0	0.83281	0.798485	0	0	0.290135	0.84712	0
0	0	0	0.39693	0	0.3848	0	0
0	0	0	0.197163333333333	0	0	0.115346666666667	0
0.35568	0.39765	0	0	0.248546666666667	0	0.27532	0.43784
0	0	0	0.205735	0.229716666666667	0	0	0
0	0	0	0	0	0.467525	0	0
0.081755	0.07893	0.326815	0.31631	0.32302	0.60658	0.150815	0.150397366666667
0	0.118406666666667	0	0.292425	0.523475	0	0	0.139013333333333
0.103076666666667	0.435673333333333	0.253856666666667	0.0811133333333333	0.140366666666667	0.119876666666667	0.13674	0.0755956666666667
0.185733333333333	0.206386666666667	0	0.264806666666667	0.30455	0.33957	0.242693333333333	0.131896666666667
0.19126	0.18845	0	0.152113333333333	0.27843	0.313163333333333	0.208813333333333	0.297403333333333
0.08674	0.12278	0.222433333333333	0.139786666666667	0.209396666666667	0.363983333333333	0.245536666666667	0.208896666666667
0	0	0.345655	0.05172	0.134363333333333	0.09802	0.3951	0.0740166666666667
0	0.73673	0	0.46864	0.57074	0	0.26507	0
0.12186	0.0387733333333333	0.53475	0.521585	0	0	0.104175	0.412473333333333
0	0	0	0	0	0	0	0
0.218613333333333	0.115875	0	0.194096666666667	0	0.0214393333333333	0.213865	0.216306666666667
0	0	0.18712	0.0338433333333333	0.193955	0	0	0.188136666666667
0.231166666666667	0.23052	0.26386	0	0.185075	0.0241473333333333	0.480515	0.544596666666667
0.129923333333333	0	0.152233333333333	0.17568	0	0.0224116666666667	0.155395	0.58065
0	0	0	0	0	0.245756666666667	0.44312	0.16771
0	0	0.07668	0	0	0.2106525	0	0
0.314273333333333	0	0.163016666666667	0	0.17173	0.0253813333333333	0.28306	0.111603333333333
0.0202346666666667	0	0	0	0	0	0.198516666666667	0.10803
0	0.019674	0.577415	0.26625	0.059285	0.088057	0	0.085815
0	0	0	0.38578	0	0	0	0
0.0441506666666667	0.102683333333333	0.264133333333333	0	0	0.0738	0	0.082056
0.00618	0.169733333333333	0	0.07218	0.0576356666666667	0	0	0.0183783333333333
0.183405	0.433105	0.115725	0.115885	0.416995	0.1118	0.0965655	0.068292
0.445973333333333	0.646936666666667	0	0	0.21375	0.37114	0.48883	0.463896666666667
0.111613333333333	0	0.21393	0	0.06511	0	0.325874666666667	0.344233333333333
0.0462686666666667	0.072716	0.0300853333333333	0	0.0279543333333333	0.0179723666666667	0.0110179	0.0923473333333333
0.109053333333333	0.10427	0.0748833333333333	0.0771126666666667	0	0.101283333333333	0.109703	0.0632466666666667
0	0.192933333333333	0	0	0.087718	0	0.107093333333333	0.262503333333333
0.38547	0.262336666666667	0	0.0798766666666667	0	0	0.0293706666666667	0.126213333333333
0.0183863333333333	0.0493056666666667	0	0	0.0879886666666667	0	0.00841133333333333	0
0.08711	0.093569	0	0.0460833333333333	0.033324	0	0	0
0.145510333333333	0.05079	0.10354	0.04499	0.132083333333333	0.23728	0.0387666666666667	0
0.198179333333333	0.0557633333333333	0.105101666666667	0.027677	0.03451	0.153393333333333	0.0761113333333333	0.0953276666666667
0.0946383333333333	0.197186	0.0142583333333333	0.0214086666666667	0.014571	0.0154576666666667	0.005993	0.0712357333333333
0.101849333333333	0.2268425	0.139210333333333	0.02443	0.0185123333333333	0.059497	0.006089	0.085224
0.23887	0	0	0	0	0	0	0
0.737275	0	0	0	0	0.21403	0.35012	0
0.135453333333333	0.19062	0.299985	0	0.0626133333333333	0	0	0.122686666666667
0.60796	0	0	0	0	0	0	0.74362
0.05555	0.24094	0.352416666666667	0	0.05656	0	0.19381	0
0.0862033333333333	0	0	0	0	0	0	0
0.0497366666666667	0	0.0083755	0.12736	0	0.0484175	0	0.193663333333333
0.73195	0.79088	0	0.305005	0	0.23594	0.2441	0
0	0	0.168234333333333	0	0	0.237188333333333	0.07592	0
0.0030675	0.34856	0.114475	0.176395	0.241725	0.0112915	0	0.00705466666666667
0.164163333333333	0.370093333333333	0	0	0.526986666666667	0.180216666666667	0.109646666666667	0
0.0934333333333333	0.15681	0	0	0.346153333333333	0	0.105033333333333	0
0.182204666666667	0.57199	0.114203333333333	0.0293793333333333	0.151286666666667	0.178536666666667	0.198624	0.1694
0	0	0.53087	0	0	0	0	0
0	0.412856666666667	0	0.102995	0.142885	0	0.117326666666667	0
0.097595	0	0.27748	0.25052	0	0	0	0.32397
0.190253333333333	0.00980933333333333	0	0.0735133333333333	0	0	0.04555	0
0	0	0	0	0	0	0	0
0.182677333333333	0.269935	0	0	0	0.070575	0	0
0.197706666666667	0.137582333333333	0.48203	0	0.058285	0.267865	0.264853333333333	0.0136863333333333
0	0	0.343835	0.401563333333333	0.443383333333333	0.322015	0.51104	0
0.280465	0	0	0	0	0	0.35259	0.233403333333333
0.186076666666667	0	0	0.39644	0.467893333333333	0.315065	0.53049	0
0.306973333333333	0	0.33046	0	0.19703	0	0	0
0	0	0	0.23877	0.38297	0	0	0
0.005618	0.22367	0	0	0.0622933333333333	0	0.07841	0
0.20659	0.06294	0	0	0	0	0.141126666666667	0.238763333333333
0.31903	0	0	0	0.288026666666667	0.305963333333333	0.250983333333333	0
0	0	0	0	0	0.170375	0.120596666666667	0.295596666666667
0	0	0	0.250815	0	0	0	0
0.13857	0.13235	0	0.0250735	0.14639	0	0.087957	0
0	0	0.78629	0	0	0.84588	0	0
0	0	0	0	0	0.70739	0	0
0.08961	0	0	0	0	0	0	0
0	0	0	0	0	0	0	0
0	0	0	0	0	0	0	0
0.050016	0.12983	0.084515	0	0	0	0.30321	0.1955
0.077725	0	0	0	0	0	0.1343	0
0.501135	0.70579	0	0.082663	0.19783	0.29001	0.530135	0.569865
0.15767	0	0	0.073471	0.096214	0.096345	0.26696	0.211165
0.5641	0	0	0.20647	0.15866	0.227315	0.42077	0.684585
0.536285	0.80576	0.4549	0.20647	0.15866	0.33194	0.348116666666667	0.598465
0.244845	0.215143333333333	0.309696666666667	0	0	0	0.31172	0
0	0	0	0	0	0	0	0
0	0	0	0	0	0	0	0
0.144346666666667	0.18877	0.300735	0.211825	0.3601	0.0971666666666667	0.217716666666667	0
0.162973333333333	0	0	0	0	0.126973333333333	0.465243333333333	0
0	0	0	0	0	0	0	0.48668
0	0	0	0	0	0	0	0.28773
0	0.306514333333333	0	0	0.181875	0.152325	0.23028	0
0.196475	0.117763333333333	0.05807	0	0	0	0.15866	0
0	0	0.2759	0	0.120363333333333	0	0	0
0	0.06305	0.26126	0	0	0.066608	0.12702	0
0	0	0	0	0	0	0	0
0.54673	0.439895	0.637585	0.83636	0.61861	0.27607	0	0.226763333333333
0	0.53595	0	0	0	0	0	0
0.1628	0	0.191345	0	0	0.196013333333333	0.183666666666667	0
0	0	0	0	0	0	0	0
0.0186546666666667	0	0.0588333333333333	0.0303493333333333	0.04926	0	0	0
0	0	0	0.795	0	0	0	0
0	0	0	0	0	0.30112	0	0
0	0	0	0	0	0	0	0
0	0	0	0	0	0	0.14039	0
0	0.28718	0	0	0	0.133066666666667	0	0.24249
0.588863333333333	0.472435	0	0	0	0	0.236495	0.603466666666667
0	0.044282	0.12255	0	0	0.18564	0.1096	0
0	0	0.0080515	0	0	0	0	0
0	0.23792	0.03815	0	0.160846666666667	0.0521933333333333	0	0
0.175176666666667	0	0	0	0	0.072805	0	0
0	0.70253	0	0	0	0.53248	0	0
0.220267666666667	0	0	0	0	0	0	0.224756666666667
0.438075	0.226113333333333	0	0	0.54336	0.310605	0.136996666666667	0
0	0.06709	0	0	0.20375	0	0	0
0.128855	0	0.32975	0.008492	0.0419865	0	0	0.07957
0.0569735	0.44658	0.057882	0.25811	0.34314	0.11341	0	0
0.11821	0	0	0.219605	0	0	0	0.254466666666667
0	0	0	0.727925	0.68757	0	0	0
0	0	0	0	0	0.63275	0.33558	0.1472
0	0	0	0.37759	0.33957	0	0	0
0.402595	0.0219835	0	0	0	0	0	0.212203333333333
0.061098	0.044018	0	0.308	0.28738	0.18336	0.08479	0.0635833333333333
0.0284945	0	0.017944	0	0	0.058975	0.0445005	0.0757233333333333
0.32288	0.529575	0	0	0	0	0	0.624996666666667
0	0.013908	0.167103333333333	0.137039	0.146093333333333	0.168896666666667	0	0
0	0	0	0	0	0	0.16902	0
0	0.137313333333333	0.15178	0.23388	0.03738	0	0	0
0	0	0	0	0	0	0.015901	0
0	0	0	0.164623333333333	0.08916	0	0	0.0822533333333333
0.14966	0	0.252206666666667	0.35119	0.18762	0	0	0.1177
0.014602	0	0	0.099815	0.099153	0	0	0.050408
0	0.10251	0	0.233003333333333	0.24716	0	0	0
0.255003333333333	0.107923333333333	0.126583333333333	0.323348666666667	0.25677	0	0	0
0	0.80767	0	0.08672	0	0	0	0
0	0	0	0	0	0	0	0
0	0.0399866666666667	0	0.184493333333333	0.125453333333333	0.0244366666666667	0.140306666666667	0.0470033333333333
0	0	0.61874	0.84198	0.87607	0.67898	0	0
0	0	0.59033	0.91109	0.85951	0.6523	0	0
0	0	0	0	0	0.28265	0	0
0.0850666666666667	0.05342	0	0.0787033333333333	0	0	0.10397	0.11022
0.18081	0	0	0	0	0.72269	0	0
0.0031649	0	0.289893333333333	0.244385	0.140775	0.15937	0	0
0	0	0.492785	0	0	0	0.0117425	0.0894033333333333
0	0	0.72451	0.066133	0.48311	0	0	0
0.13693	0	0	0.84786	0	0	0	0
0.404765	0.287405	0	0	0	0	0.145775	0
0	0.63458	0.82752	0.69137	0.416555	0.302845	0.77806	0
0	0	0	0.38657	0	0	0.33132	0
0	0	0	0	0	0.49837	0.33166	0
0	0	0	0.243145	0.82688	0	0	0
0.63923	0	0	0.30854	0	0	0	0
0.82256	0	0	0	0	0	0	0
0	0	0	0.209183333333333	0	0	0	0.19094
0	0.125175	0.18311	0.147373333333333	0.146373333333333	0.0866133333333333	0.102145	0.259913333333333
0.110559333333333	0	0.015603	0.059755	0	0.0635733333333333	0	0.229135
0.88356	0	0.26662	0.48793	0.4272	0.27914	0.33938	0.59053
0.64358	0	0.3811565	0	0	0.27071	0	0.17332
0	0.025587	0	0	0	0	0.12615	0
0	0	0	0	0	0	0	0
0	0	0.087799	0	0	0.27914	0.052525	0
0	0.44868	0	0.11208	0	0	0.275673333333333	0.21643
0	0	0	0	0	0.07106	0	0
0	0	0.0816933333333333	0	0	0.0732133333333333	0	0
0	0	0.25115	0.599735	0.209205	0	0	0.0254996666666667
0	0	0	0	0	0	0.38132	0
0	0.147155	0	0	0.77034	0	0.796965	0.43032
0.026357	0	0.26676	0	0	0.43712	0	0.299126666666667
0.026357	0	0.36108	0	0	0.55288	0	0.299126666666667
0.299416666666667	0	0	0.1521	0	0	0.200315	0.406473333333333
0	0	0	0.225493333333333	0	0	0.190943333333333	0.175263333333333
0.358355	0	0.33779	0	0	0	0	0.210886666666667
0.14676	0	0	0.225493333333333	0	0	0.173986666666667	0.284296666666667
0	0.31968	0.267615	0.44259	0.393895	0.32776	0	0
0.34825	0.36547	0.086898	0	0	0.23181	0.25358	0.51878
0.0186466666666667	0.05473	0	0.10886	0.0501166666666667	0.105973333333333	0.2132345	0.00810866666666667
0	0.61545	0	0	0.39313	0	0.36322	0
0.20372	0.353965	0.23465	0.0867053333333333	0.0582366666666667	0.148235	0.307465	0
0.0304406666666667	0.125163666666667	0	0.08618	0	0.165416666666667	0.205896666666667	0.486046666666667
0.293826666666667	0.129956666666667	0.16051	0	0	0	0.253416666666667	0.0246543333333333
0	0.42322	0.200176666666667	0.26184	0.34121	0.17798	0.33378	0.220146666666667
0.23698	0	0	0.2677	0.400035	0	0	0
0.34638	0.508473333333333	0.106743333333333	0.0565266666666667	0.25994	0.226506666666667	0.239416666666667	0.14831
0	0	0	0.1703	0.178026666666667	0	0	0.136203333333333
0.067342	0.22481	0.455795	0	0	0.76088	0	0.53003
0.0408135	0.128899666666667	0.31527	0	0	0	0	0.073896
0	0	0	0	0.13953	0	0	0
0	0	0	0	0	0	0	0
0	0	0	0	0	0.13116	0	0.30352
0	0	0.498	0	0	0.203445	0	0
0	0	0	0	0.57899	0.29355	0.072928	0.0477733333333333
0.118303333333333	0.271052333333333	0.008047	0.0334066666666667	0	0	0.19037	0.0236696666666667
0	0	0	0	0	0	0	0
0.00989	0	0.343045	0.13802	0.09903	0.1547385	0	0
0	0	0.301636666666667	0	0.130473333333333	0.0807633333333333	0	0.061
0.018066	0.15724	0.12063	0.32198	0	0	0	0
0.15693	0	0.062108	0.246165	0.064365	0	0	0.112166666666667
0.023448	0.266893333333333	0	0	0	0.03755	0.167135	0.0398343333333333
0	0.195906666666667	0	0.08923	0	0	0.102063333333333	0
0.220576666666667	0	0.0937233333333333	0	0	0	0	0.441996666666667
0	0.1645	0.279715	0	0	0	0.1256	0
0	0	0	0	0	0	0	0
0.44639	0	0.41948	0.0928566666666667	0	0	0	0
0	0	0	0	0	0	0	0
0	0	0	0.47759	0.42398	0	0	0
0	0.30105	0	0	0.030151	0	0.17331	0
0	0	0	0.29277	0	0	0	0.031451
0.33712	0.248795	0	0	0	0	0.176385	0.245253333333333
0	0.492245	0.23823	0	0.22421	0	0.041375	0.056487
0	0	0.108363333333333	0	0	0.08468	0	0
0.0251343333333333	0	0	0.107416666666667	0.15356	0	0	0.0362596666666667
0.00279193333333333	0.0124433333333333	0	0.107416666666667	0.197993333333333	0.023552	0.0554066666666667	0
0	0.12749	0	0	0.43043	0.077423	0	0
0.18864	0	0	0.162706666666667	0	0	0.177723333333333	0.205833333333333
0	0.50931	0	0	0.308425	0	0.31015	0
0.675575	0	0	0.404515	0	0	0	0.59274
0	0.448555	0	0	0	0	0.36474	0
0.94077	0.448555	0	0	0	0	0.36474	0.73696
0.45933	0	0	0	0	0	0	0.188196666666667
0.94211	0	0.84246	0.2271	0	0	0	0
0.0485533333333333	0.0225085	0	0	0.06795	0.100545	0	0
0.0561566666666667	0.0685306666666667	0	0	0	0.255393333333333	0.110153333333333	0
0	0	0.212633333333333	0	0.246193333333333	0.0233663333333333	0.0547266666666667	0
0.066495	0.80654	0.021352	0	0.14987	0	0	0.26042
0	0.416267	0.329315	0.49834	0.14987	0	0.06857	0
0.449255	0.314445	0.477495	0.32882	0.05967	0.64852	0	0
0.061	0.0009445	0.283115	0.324953333333333	0.261395	0.48741	0	0
0	0.045324	0	0.328153333333333	0.24795	0	0	0
0	0.045324	0.33094	0	0	0	0	0
0	0.097085	0.39162	0.537153333333333	0.286003333333333	0.209465	0	0
0.14968	0.40113	0.70228	0.0315475	0	0.51194	0.13671	0.17294
0	0	0	0	0	0	0	0
0	0	0	0	0	0	0	0
0	0.147765	0	0.326906666666667	0.327153333333333	0	0	0
0	0	0	0	0	0	0	0
0	0	0	0.16426	0.28242	0	0.159686666666667	0
0.0742666666666667	0	0.13717	0.0849066666666667	0.05687	0.0579666666666667	0.0190466666666667	0.0110913333333333
0.229653333333333	0	0.261405	0.303745	0	0.328623333333333	0.213203333333333	0
0.0863866666666667	0	0.05939	0.28348	0.29673	0	0.173616666666667	0
0.0788166666666667	0	0.03207	0	0	0	0	0.0594133333333333
0.137976666666667	0.735236666666667	0.20445	0.473906666666667	0	0.122665	0.29418	0.16664
0	0	0.136323333333333	0.1357	0	0	0.209146666666667	0
0.677235	0	0.08786	0.177005	0.14814	0	0	0
0.0291243333333333	0.0655533333333333	0.226043333333333	0.218935	0	0.0750333333333333	0.212423333333333	0
0	0	0.205863333333333	0.311136666666667	0	0	0.115963333333333	0.17688
0.445005	0.461595	0	0.19061	0.15859	0	0.458935	0.318153333333333
0	0	0.43826	0.2551	0	0	0	0.2484
0	0	0	0	0	0.5554	0.397855	0
0	0	0	0	0	0	0	0
0.0595	0	0.53802	0	0	0	0	0.33117
0.062395	0	0.0201215	0	0	0.034884	0	0
0.253173333333333	0	0	0	0	0.1766	0.042749	0
0	0	0	0	0.357955	0	0	0.392853333333333
0.4251	0	0	0	0	0.42268	0	0.35502
0	0	0	0.22177	0	0	0	0
0	0	0	0	0	0	0	0
0.387245	0	0	0.54356	0	0.15204	0	0.0537066666666667
0	0.56169	0.294345	0	0	0.10488	0	0.250423333333333
0.042819	0	0	0	0	0	0	0.199823333333333
0.0473666666666667	0.37486	0.220475	0.131005	0	0.14527	0.286865	0
0.123186666666667	0	0	0	0.12199	0	0	0
0.00456066666666667	0	0.0239233333333333	0.226753333333333	0.084571	0.034727	0.0242543333333333	0.0237665
0.0451466666666667	0.13196	0.0140763333333333	0.0647366666666667	0.0236796666666667	0.130754	0	0.0195966666666667
0.0656036666666667	0.23235	0	0	0.27347	0.0428723333333333	0.0706833333333333	0.0393605666666667
0.0631033333333333	0.489723333333333	0	0.319276666666667	0	0	0.238296666666667	0.0330906666666667
0.026932	0.126463333333333	0	0.273486666666667	0.0677866666666667	0.14998	0.233336666666667	0.017454
0	0.162093333333333	0.074085	0	0	0	0.22729	0
0.047282	0	0	0	0	0	0.0171745	0
0	0	0.02137	0	0	0.19279	0	0.27969
0	0.21914	0	0.32129	0.19751	0	0	0
0.32256	0	0	0	0	0.40543	0.35394	0.118653333333333
0	0.0825	0	0	0	0	0	0.150993333333333
0	0.184206666666667	0	0	0.136313333333333	0	0	0
0	0	0.36825	0	0	0	0	0
0.18823	0	0.416395	0.231495	0	0	0	0.392395
0.052205	0.52333	0.51716	0	0	0.84837	0.69337	0.29031
0.052205	0.52924	0.53412	0	0	0.88137	0.69769	0.29031
0.052205	0.043422	0.10788	0.052509	0.27366	0.47826	0.32229	0.29031
0	0.239375	0.171955	0	0	0	0.09222	0
0	0	0.0831366666666667	0	0.0606866666666667	0.101126666666667	0	0.0973866666666667
0	0	0	0	0	0	0	0
0	0	0	0	0	0	0	0
0.088045	0	0	0	0.243185	0.287415	0	0.22264
0.076506	0	0.16993	0	0	0.208345	0	0
0.10314	0	0.118235	0	0	0.196426666666667	0.19558	0.262756666666667
0.412663333333333	0	0.118235	0	0	0.19848	0.19558	0.27237
0.34945	0.27116	0.0642233333333333	0	0	0.109675	0.08176	0.060223
0.0990866666666667	0	0	0.130546666666667	0.0723033333333333	0.04441	0	0.11344
0.44155	0	0	0	0	0	0	0.49005
0.275795	0	0	0	0	0	0	0.35793
0.0319013333333333	0	0	0.087977	0	0.40241	0.179685	0.154593333333333
0	0	0	0.165486666666667	0.30052	0.0307706666666667	0	0
0.0971166666666667	0	0.13176	0.244805	0.240975	0	0	0
0.0265416666666667	0.006171	0.136855333333333	0.11403	0.115773333333333	0.21709	0.0899933333333333	0.0964066666666667
0	0	0.40711	0	0	0.53162	0.069445	0.021892
0	0	0	0.17452	0	0	0.20789	0.147926666666667
0	0.026311	0.026487	0	0	0.15714	0.16031	0.0720933333333333
0	0.18964	0.023019	0	0	0.058765	0	0.00292426666666667
0.210683333333333	0	0	0	0	0	0	0.0617633333333333
0.293775	0	0	0	0	0.201955	0	0.18836
0	0	0	0	0	0	0	0
0	0	0	0	0	0	0	0
0	0	0	0	0	0	0	0.0590766666666667
0	0	0.26287	0	0	0	0	0
0	0	0	0	0	0	0	0
0	0	0	0.0265933333333333	0.0181983333333333	0	0.121926666666667	0
0.0228723333333333	0	0.010315	0	0	0	0	0
0.0134453333333333	0.08764	0.0186633333333333	0.0131785	0.07127	0	0.0902533333333333	0.0176736666666667
0	0.16577	0	0	0	0	0.421	0.28343
0.06099	0.04666	0.0523833333333333	0.0382415	0.1436	0.140433333333333	0.26253	0.166848333333333
0	0	0	0	0	0	0	0
0	0	0.05734	0	0	0	0	0.055987
0	0	0	0.43102	0.13919	0	0	0
0	0	0	0	0	0	0	0
0.34537	0	0.23703	0	0	0.50394	0.70902	0.73306
0.158563333333333	0.327755	0	0	0	0.180816666666667	0	0.230753333333333
0.0544066666666667	0	0	0	0	0.0369295	0	0.199913333333333
0.0544066666666667	0	0	0	0	0.0369295	0	0.199913333333333
0.10334	0	0.4396	0.83132	0.93241	0.76429	0.78585	0.77628
0.189485	0.0161855	0	0.67101	0.66449	0	0	0
0	0.12413	0.17626	0.3576625	0	0	0.133795	0.119963333333333
0	0	0.252336666666667	0	0	0.137555	0	0
0	0	0.252336666666667	0	0	0.137555	0	0
0.12082	0.11143	0.17026	0.064657	0.11721	0.20192	0.14165	0.30068
0.124222	0.03622	0	0.03397	0.255255	0.0115645	0.2149	0.29306
0.11495	0.12552	0	0.063469	0.14128	0	0	0.17617
0.245613333333333	0.397286666666667	0.229073333333333	0	0.0672033333333333	0.321813333333333	0.252853333333333	0
0.200645	0	0	0	0.106096666666667	0.11126	0.265143333333333	0
0.24236	0.10468	0.138333333333333	0	0.0419033333333333	0.258926666666667	0	0
0.111223333333333	0	0.09292	0	0	0.0954933333333333	0	0
0	0	0	0	0	0	0	0
0	0	0.130175	0.13435	0	0.227035	0	0
0.42493	0	0	0	0	0.05026	0	0.336523333333333
0	0	0	0.097349	0.36926	0	0	0
0.093584	0	0	0	0	0.084777	0.31773	0.12404
0	0	0	0	0	0	0	0
0	0.21988	0	0	0	0	0	0
0	0	0	0	0	0	0	0
0.5922	0	0.12878	0	0	0.16667	0	0.51098
0.21672	0.050335	0.013633	0	0	0.13222	0	0.213198666666667
0	0	0	0	0	0	0	0.25115
0	0	0	0	0.159675	0	0	0
0.237145	0	0.155485	0	0	0.288005	0.45785	0
0	0.08471	0	0	0	0	0.18987	0.0675066666666667
0	0.0183406666666667	0	0	0	0	0	0
0.389745	0.25003	0.212785	0.284755	0.306729	0.482875	0.03417	0
0.40715	0	0.027407	0	0.0318065	0.420055	0.226178	0.85247
0	0.32503	0	0.011247	0	0	0	0
0.0840375	0	0	0.55898	0	0	0	0
0	0	0.15466	0	0.14266	0.23659	0	0.082101
0.38167	0	0.038898	0	0	0	0	0
0.0973933333333333	0.08931	0.152316666666667	0.0312133333333333	0.0277253333333333	0.07992	0.176166666666667	0.0680208666666667
0.16237	0.181695	0.188645	0.0161405	0.020331	0.43583	0	0
0.139146766666667	0.211726666666667	0	0.05676	0	0	0.256265	0.0855333333333333
0	0	0	0	0	0	0	0
0.30294	0.22273	0.093308	0.56931	0.26639	0.13498	0.30388	0.17276
0.4436	0.1757	0	0	0	0	0	0.31812
0.4392	0.08785	0	0	0	0	0	0.513386666666667
0.0324155	0.07331	0.117419	0	0	0.0077665	0.075235	0
0.260135	0	0.38083	0	0	0	0	0
0	0.25965	0.0585566666666667	0	0	0.282336666666667	0.255413333333333	0
0	0.24729	0.15965	0	0	0.256985	0.347365	0.120633333333333
0.59935	0	0	0	0	0	0.75848	0
0	0	0.32543	0	0	0.283675	0	0.1643
0.30616	0.03671	0	0	0	0	0.079755	0.15499
0.0343333333333333	0.29405	0.0425733333333333	0.370783333333333	0.160756666666667	0.03927	0	0
0.242076666666667	0	0.219615	0.193085	0.0377275	0.048842	0	0.2092
0.05694	0	0	0.32061	0.08453	0	0.44508	0
0.249056666666667	0	0.254816666666667	0.145966666666667	0	0.382476666666667	0	0.10644
0	0	0.15419	0	0	0	0	0
0	0.33438	0.254386666666667	0.323483333333333	0.370456666666667	0	0.139016666666667	0.220596666666667
0	0	0	0.15268	0	0	0.19547	0
0.0671566666666667	0.300433333333333	0.327663333333333	0	0	0.008688	0	0.363836666666667
0.226866	0.213883333333333	0	0	0.11281	0.0304375	0.1393	0
0.55204	0.15373	0.177333333333333	0.48057	0.0325226666666667	0	0.0583866666666667	0.496816666666667
0	0.277383333333333	0	0	0.108453333333333	0	0.19213	0.119236666666667
0	0.014629	0.088846	0	0	0.13453	0	0
0	0.11623	0.154026666666667	0	0	0	0.08852	0
0	0	0	0	0	0.18456	0	0
0	0	0	0	0	0	0	0
0.19488	0	0	0.0294273333333333	0.28644	0.34072	0	0.216026666666667
0.154863333333333	0.19954	0.13241	0.00952133333333333	0.0699666666666667	0.011551	0.043946	0
0	0	0	0	0	0	0	0
0.222603333333333	0	0.0159506666666667	0.0593766666666667	0.157956666666667	0.08816	0	0
0	0.0165796666666667	0.25018	0.144543333333333	0.11429	0.169983333333333	0.123401666666667	0.0256996666666667
0.0558766666666667	0.01416	0.181403333333333	0.07401	0.27891	0	0.0412176666666667	0
0.11114	0	0.75323	0.64914	0.48812	0	0.46554	0.19434
0	0	0	0	0	0.469975	0	0
0.11915	0	0	0	0.15346	0	0	0.16593
0.225023333333333	0	0	0.032543	0	0.0763666666666667	0.13129	0
0.32458	0.24619	0	0.269205	0.35173	0.356215	0.444123333333333	0.245333333333333
0.0279656666666667	0.0273195	0.12317	0.192603333333333	0.36638	0	0.0522716666666667	0
0	0.220625	0	0	0	0	0	0
0	0.171436666666667	0.247236666666667	0	0.13395	0	0.172313333333333	0
0	0	0	0	0	0	0.029342	0.03814
0	0	0	0	0	0	0.27103	0
0	0	0	0.148596666666667	0.14051	0	0	0
0	0.54964	0.14037	0	0	0.15037	0.48771	0
0	0.0268793333333333	0	0	0.0145536666666667	0	0.0191073333333333	0.018391
0.40841	0	0	0.76688	0.90941	0	0	0.47543
0.195855	0	0	0	0	0	0	0.11094
0	0.44958	0	0	0	0	0	0
0	0	0	0	0	0	0	0
0	0	0.14135	0.45934	0.25762	0.076835	0.1326	0
0	0	0	0	0.06499	0	0	0
0.246805	0	0	0.36292	0	0	0	0.21848
0.066365	0.154336666666667	0.22486	0	0	0.35813	0.20522	0.03493
0	0.285368	0.277139333333333	0	0.09977	0	0.11322	0
0	0.430916666666667	0.265122666666667	0	0	0.140195	0.43674	0
0	0.134536666666667	0.119342333333333	0	0	0.037336	0	0
0.178545	0	0	0.122015	0.43501	0	0.652945	0.362976666666667
0	0	0	0	0	0	0	0
0.468605	0	0	0	0	0	0	0
0	0	0	0	0	0	0.87873	0
0.00573	0.039694	0	0	0.275615	0	0.022724	0.054888
0	0	0	0	0	0	0	0
0	0	0	0	0.179546666666667	0	0.176436666666667	0.05535
0	0	0.256546666666667	0.28723	0.28667	0	0.268103333333333	0
0	0.250206666666667	0.236989666666667	0.171950333333333	0	0	0	0
0.0228433333333333	0	0.428145	0.43369	0.482585	0.163866666666667	0	0
0.138315	0	0.311033	0.214147	0	0	0	0
